CS 829 172 7226 449 1105 207 232 114 376 762
0 51.227100 4.400348
8 0 0 1 0 2 0 51.212147 4.394024
8 0 0 0 0 0 1 51.398238 4.600141
16 0 0 3 0 0 0 51.171412 4.144773
5 0 0 0 0 0 0 51.168958 4.187833
6 0 0 1 0 0 1 51.171111 4.161404
5 0 0 0 0 1 0 51.196087 4.177922
8 0 0 1 0 1 1 51.093868 4.611781
10 1 2 2 1 5 0 51.050938 4.372766
10 0 1 3 0 2 1 51.126421 4.203733
8 0 0 1 1 3 1 51.009303 4.470001
6 0 1 2 1 0 1 51.284692 4.426594
5 0 0 0 0 1 1 51.085768 4.056188
8 0 0 2 0 3 1 51.148976 4.434725
8 0 0 0 0 0 1 51.261836 4.410605
6 0 0 0 0 0 1 51.260250 4.460146
5 0 0 1 0 1 1 51.225763 4.267766
5 0 0 0 0 0 1 51.100609 4.344476
30 0 0 7 2 6 1 51.200576 4.432725
8 0 0 2 0 0 1 51.169089 4.493175
8 0 0 0 0 0 1 51.270663 4.298828
5 0 0 0 0 0 1 51.040887 4.631703
12 0 0 2 2 4 0 51.238375 4.577672
5 0 0 1 0 1 0 51.256563 4.384812
5 0 0 0 0 0 1 51.020699 4.472166
8 1 0 0 0 0 0 51.234075 4.394683
8 0 0 0 0 0 0 51.059838 4.381734
5 0 0 0 0 0 0 51.316736 4.427640
8 0 0 1 1 3 0 51.167748 4.498140
10 0 0 0 2 0 0 51.226466 4.413794
5 1 0 0 0 0 0 51.046588 4.625359
5 0 0 0 0 0 1 51.050913 4.614828
5 0 0 0 0 0 1 51.311805 4.425062
15 0 0 4 1 4 1 51.113438 4.639359
5 1 0 0 0 0 0 51.098137 4.506891
8 0 0 2 0 2 1 51.139505 4.184836
6 0 0 1 0 1 0 51.146693 4.178889
5 0 0 1 1 0 1 51.225687 4.282953
7 1 1 1 1 4 0 51.447052 4.495865
12 0 0 6 2 2 1 51.127883 4.290993
50 0 0 10 0 9 1 51.269711 4.299246
8 1 1 2 0 3 0 51.051262 4.347266
5 0 0 0 0 0 1 51.288088 4.186703
8 1 0 1 1 1 0 51.231915 4.460655
8 0 0 0 0 0 1 51.089312 4.497734
5 1 0 0 0 1 0 51.251994 4.501601
8 0 0 0 0 0 0 51.258552 4.441847
8 0 0 0 0 0 1 50.982813 4.566859
6 0 0 1 0 0 1 51.214957 4.461535
30 0 0 3 0 16 1 51.219532 4.401271
20 0 0 5 0 8 1 51.219473 4.415807
5 1 0 0 0 0 0 51.220087 4.124016
100 0 1 62 1 62 1 51.234391 4.394780
15 0 0 5 2 1 1 51.192991 4.487050
5 0 0 0 0 0 0 51.093575 4.014314
6 0 0 0 0 0 1 51.204972 4.464467
8 0 1 2 0 1 0 51.035348 4.355543
5 0 0 0 0 2 1 51.182779 4.560999
8 0 1 3 2 3 1 51.343596 4.313906
9 0 0 1 0 0 1 51.225900 4.514172
10 0 0 0 1 3 0 51.196781 4.410601
8 1 0 0 0 0 0 51.026438 4.475922
5 0 0 1 0 0 0 51.249792 4.486430
5 0 0 1 0 2 1 51.082821 4.669114
9 0 0 2 0 0 1 51.203753 4.482947
8 1 0 0 0 0 0 51.273187 4.285984
6 0 0 2 0 3 0 51.087826 4.020574
10 0 0 1 0 3 1 51.297076 4.696445
10 1 0 0 0 2 0 51.215185 4.420339
3 0 0 1 1 0 1 51.183746 4.382498
15 0 1 2 1 0 1 51.026238 4.492953
9 1 0 2 0 2 0 51.252908 4.617496
12 0 0 3 0 0 1 51.070087 4.496109
8 0 0 1 0 0 0 51.126863 4.336547
100 0 0 62 0 62 0 51.249467 4.314524
9 0 1 1 1 1 0 51.080149 4.421808
9 0 0 1 1 1 1 51.272024 4.412206
8 1 0 3 0 3 0 51.427822 4.463189
10 0 3 1 2 0 1 51.290754 4.435279
8 0 1 2 0 4 1 51.342532 4.605053
12 0 1 4 0 0 0 51.135273 4.445927
10 0 0 0 0 0 1 51.223621 4.402995
4 0 0 1 1 0 1 51.175565 4.332060
8 1 0 0 0 2 0 51.203988 4.411443
8 0 0 0 0 0 0 51.061037 4.406578
8 0 2 4 2 4 0 51.353468 4.397381
6 0 0 3 1 3 1 51.264362 4.400398
12 0 2 1 2 1 1 51.165801 4.129170
5 0 0 0 0 0 0 51.100411 4.001452
5 0 0 0 1 0 1 51.021299 4.482395
9 0 0 2 1 1 1 51.244880 4.466888
8 0 0 0 0 0 0 51.307612 4.544297
12 0 1 1 0 0 1 51.291155 4.445047
8 0 0 0 0 0 1 51.226426 4.428510
6 1 0 1 0 3 0 51.076479 3.978444
10 0 0 2 0 0 1 51.175913 4.315766
5 0 0 0 1 0 1 51.156438 4.138891
8 0 0 0 0 0 0 51.225052 4.399700
8 0 0 1 1 0 1 51.066513 4.406578
10 1 2 1 2 2 0 51.107754 4.358221
8 0 0 0 0 1 0 51.001049 4.483985
4 0 0 1 0 1 1 51.064862 4.027547
30 0 0 5 0 11 0 51.221769 4.397027
5 0 0 0 0 1 0 51.026395 4.498954
5 1 0 0 0 1 0 51.257987 4.198109
5 0 0 0 0 0 0 51.014893 4.444767
8 0 1 2 0 1 1 51.150238 4.349788
5 1 0 0 0 0 0 51.326738 4.214547
5 0 0 1 0 3 1 51.165826 4.463566
7 0 0 1 1 0 1 51.160460 4.599177
8 1 2 1 3 2 0 51.201897 4.514389
30 0 0 2 0 0 1 51.219840 4.416770
10 0 1 3 1 3 0 51.287816 4.485989
6 0 0 0 0 0 1 51.189769 4.449264
12 0 0 2 0 0 0 51.314142 4.428821
8 0 0 1 0 0 0 51.251071 4.449116
10 1 0 0 0 0 0 51.208759 4.387391
5 0 0 0 1 0 0 51.308220 4.432466
6 0 1 1 0 0 1 51.205971 4.241158
5 0 0 0 0 0 1 51.254013 4.286922
6 0 0 3 3 0 1 51.152509 4.381568
12 0 0 0 1 1 1 51.218350 4.421640
8 1 0 0 1 1 0 51.203519 4.425668
10 0 2 1 3 2 1 51.334226 4.409722
10 0 0 0 0 0 1 51.229476 4.411315
8 0 1 1 2 1 1 51.035829 4.536540
10 0 0 0 0 0 0 51.193717 4.402389
7 0 0 1 1 0 0 51.390178 4.592080
10 0 0 0 1 0 1 51.211470 4.432484
6 1 1 2 1 2 0 51.251663 4.080797
9 0 1 3 2 3 0 51.204265 4.711974
8 0 0 0 0 0 0 51.173351 4.371083
6 1 0 2 0 3 0 51.117175 4.393959
8 0 0 2 0 1 1 51.124819 4.576043
4 0 0 1 0 1 1 51.212197 4.623627
6 0 0 0 0 0 0 51.234448 4.403506
9 0 2 1 2 0 1 51.158078 4.303201
5 0 0 0 0 0 1 51.181312 4.234391
20 0 0 1 0 6 1 51.214703 4.410627
6 0 1 0 2 0 1 51.221913 4.112516
15 0 3 2 5 1 1 51.029263 4.484016
6 0 0 0 0 0 0 51.236520 4.403218
4 0 0 1 3 0 1 51.265639 4.538202
8 0 0 1 0 0 1 51.060288 4.485016
8 1 1 2 0 4 0 51.203315 4.522377
6 0 0 0 0 2 0 51.227354 4.438803
6 0 0 0 0 0 0 51.194410 4.443584
9 0 0 1 1 1 0 51.283952 4.415915
6 1 0 0 0 3 0 51.230408 4.451170
8 0 0 0 0 0 1 51.211312 4.242984
8 1 0 0 0 2 0 51.039187 4.459984
12 1 0 4 0 0 0 51.133728 4.476379
16 0 0 2 5 1 1 51.183900 4.392000
8 0 0 1 0 0 0 51.321998 4.586594
10 0 1 4 2 0 1 51.219355 4.195122
20 1 2 4 8 4 0 51.030527 4.489625
8 1 0 2 0 4 0 51.096863 4.554703
8 0 0 4 2 2 1 51.143319 4.331135
8 0 0 0 0 0 1 51.031512 4.475672
8 0 0 0 0 1 0 51.199430 4.416728
6 0 0 0 0 0 0 51.202912 4.445783
12 0 0 3 2 2 1 51.208655 4.260725
8 1 0 0 0 0 0 51.191437 4.399016
6 0 0 0 0 0 1 51.107652 3.993016
16 1 1 2 0 2 0 51.170403 4.394766
8 0 0 1 2 0 1 51.253869 4.459866
8 0 0 1 0 1 1 51.248090 4.432111
5 0 0 0 0 0 1 51.117362 4.657703
8 0 0 2 0 0 1 51.188209 4.562116
5 1 0 0 1 0 0 51.244912 4.127078
6 0 0 0 0 0 1 51.228771 4.469809
12 0 1 2 3 4 1 51.281020 4.434462
16 0 0 1 0 0 0 51.207008 4.430588
8 0 2 3 1 0 0 51.312342 4.452174
20 0 2 5 3 8 0 51.077238 4.282328
12 1 1 3 0 2 0 51.300361 4.481758
9 0 1 2 2 4 0 51.181377 3.989760
6 1 0 0 0 0 0 51.229974 4.443205
6 0 0 1 1 2 0 51.117810 4.199508
12 0 0 1 1 1 0 51.287976 4.491194
10 0 0 0 1 0 0 51.211771 4.407661
5 0 0 0 0 0 1 51.263137 4.113328
6 0 0 0 1 3 1 51.225223 4.404898
8 0 1 1 1 2 1 51.225365 4.533484
6 0 1 0 3 0 0 51.086280 4.383358
6 0 0 1 0 0 1 51.216963 4.259328
8 0 0 0 0 4 1 51.218420 4.402825
10 0 0 0 0 0 1 51.219358 4.436578
8 0 0 0 0 0 1 51.026488 4.489578
8 0 0 0 1 1 0 51.163665 4.401212
8 0 0 3 0 6 1 51.252966 4.397517
8 0 2 1 2 1 1 51.223261 4.125409
4 1 0 1 1 0 0 51.177339 4.465560
5 0 0 0 1 0 1 51.040194 4.470909
6 1 0 0 0 1 0 51.176462 4.393114
8 1 0 0 0 0 0 51.018937 4.472828
6 0 0 0 0 1 1 51.190178 4.404848
10 1 0 1 0 0 0 51.203284 4.391719
8 0 0 4 0 6 1 51.111310 4.338990
8 0 0 1 0 1 0 51.242517 4.442031
6 0 0 2 1 2 0 51.168224 4.473208
8 0 0 0 0 1 0 51.040163 4.487734
3 0 0 0 0 0 0 51.022287 4.472672
20 1 2 5 3 4 0 51.017562 4.482484
12 0 0 1 0 2 1 51.163704 4.427347
5 0 0 0 0 0 1 51.170275 4.448350
30 1 0 5 1 6 0 51.218014 4.420746
6 0 0 0 0 0 1 51.161808 4.375792
5 0 0 0 0 0 0 51.185162 4.174464
14 0 0 1 0 0 1 51.258269 4.461709
8 0 0 0 0 1 0 51.209990 4.397599
8 0 0 1 1 2 0 51.272677 4.453893
5 0 0 0 0 0 1 51.036837 4.478797
8 0 0 0 0 0 1 51.011637 4.520984
9 1 0 1 2 1 0 51.169076 4.469175
10 0 0 0 0 0 1 51.201791 4.396084
6 0 0 0 0 0 1 51.165788 4.153016
8 0 0 2 1 1 0 51.101307 4.412074
12 0 0 0 0 0 0 51.183941 4.421241
8 0 0 1 2 0 0 51.246592 4.450544
9 0 0 3 0 0 0 51.296537 4.412464
8 0 0 1 1 0 1 51.258917 4.465299
9 0 1 3 2 4 0 51.241012 4.639511
8 0 0 0 0 0 1 51.029713 4.481297
8 0 0 0 0 0 0 51.245285 4.409086
5 0 0 0 0 0 0 51.023458 4.474515
8 0 0 0 0 0 1 51.354512 4.532453
5 1 0 0 0 0 0 51.158130 4.142480
6 0 0 1 1 0 0 51.168923 4.456759
10 1 0 0 0 1 0 51.209527 4.423870
8 0 0 1 0 2 1 50.980038 4.529547
8 0 2 0 2 1 1 51.350233 4.315976
6 1 0 1 0 3 0 51.125462 3.980328
8 0 0 0 0 0 1 51.255144 4.437728
8 0 0 0 0 0 0 51.024487 4.470078
6 0 0 1 0 1 0 51.080745 3.996848
8 0 0 3 0 3 1 51.109196 4.326616
10 1 0 0 0 1 0 51.230100 4.442407
5 0 0 0 1 0 1 51.193087 4.178020
12 0 1 6 1 7 1 51.148198 4.298527
6 0 0 0 1 0 1 51.213944 4.438269
10 0 0 0 0 0 1 51.216749 4.431710
15 1 1 5 2 4 0 51.081137 4.325141
8 0 0 0 0 0 1 51.026337 4.502578
5 0 0 0 0 0 0 50.992537 4.555453
12 1 0 5 2 3 0 51.051687 4.206703
8 1 0 3 2 5 0 51.217104 4.129155
7 0 0 0 0 0 1 51.329452 4.528526
8 0 0 0 0 0 1 51.170561 4.449807
9 1 1 1 2 0 0 51.297070 4.440306
8 0 0 3 0 0 1 51.148893 4.454859
5 0 0 2 0 2 0 51.226246 4.088195
7 0 0 2 0 6 0 51.113891 4.142706
16 1 1 3 0 2 0 51.289898 4.492477
8 0 2 3 0 7 0 51.211161 4.597215
10 0 0 1 0 2 1 51.298738 4.711708
18 0 0 1 0 0 1 51.225304 4.401302
8 0 0 3 0 2 1 51.127000 4.498664
9 0 1 2 0 3 1 51.269461 4.713307
6 0 0 1 2 0 0 51.074351 4.421475
6 1 0 2 0 4 0 51.377711 4.479760
8 1 1 1 0 0 0 51.292322 4.576815
10 1 1 2 0 2 0 51.292199 4.505304
5 0 0 1 1 2 0 51.184755 4.588897
8 1 1 2 1 3 0 51.083312 4.037359
10 0 0 2 0 5 1 51.302222 4.733957
6 0 0 0 0 0 1 51.204515 4.404592
5 0 0 0 0 1 1 51.026137 4.478109
6 0 0 0 0 0 0 51.228419 4.457469
8 0 0 2 2 2 0 51.382680 4.474910
6 0 0 2 0 2 1 51.225412 4.148453
9 1 0 1 0 1 0 51.106910 4.370079
9 0 0 2 2 3 1 51.265282 4.635888
10 0 0 0 0 0 1 51.220856 4.403942
9 0 1 1 0 2 1 51.099508 4.339847
8 0 0 0 1 2 1 51.248108 4.444220
8 0 0 1 0 1 0 51.240478 4.436202
20 0 0 3 3 3 1 51.245043 4.419554
20 0 0 1 0 3 0 51.218214 4.414969
8 0 0 2 0 4 1 51.117751 4.374930
8 1 0 0 0 0 0 51.011012 4.487328
7 0 1 3 1 3 1 51.360818 4.556023
10 0 0 3 0 2 1 51.213126 4.256156
8 1 1 2 1 3 0 51.113183 4.175422
6 0 0 1 0 1 0 51.219267 4.480683
12 0 0 1 0 0 1 51.023238 4.479422
6 0 0 0 0 0 0 51.206526 4.419793
12 0 1 1 3 3 1 50.981874 4.573494
5 1 1 1 0 0 0 51.150782 4.087757
8 0 2 1 1 0 1 51.002063 4.585766
9 0 0 4 0 4 1 51.106897 4.452088
12 0 2 3 2 5 1 51.073105 4.041802
8 0 0 0 0 0 1 51.035863 4.361703
5 0 0 0 0 0 1 51.031796 4.472839
5 0 0 0 0 0 1 51.025267 4.476385
4 0 0 1 0 1 1 51.175452 4.378871
8 1 0 1 0 0 0 51.220582 4.459361
8 0 0 1 0 3 1 51.301612 4.560772
6 0 0 2 2 2 0 51.140841 4.193023
8 0 1 0 1 0 0 51.045887 4.472359
8 0 1 3 1 4 1 51.219116 4.325602
9 1 0 1 0 4 0 51.268856 4.417591
8 0 0 0 0 0 1 51.211788 4.491578
8 0 0 0 0 0 1 51.383088 4.596953
10 1 0 0 0 0 0 51.230746 4.422966
5 1 0 0 0 0 0 51.111438 4.344266
8 0 0 1 1 2 1 51.227967 4.541617
9 0 0 2 2 0 1 51.182440 4.593019
20 0 0 0 0 2 1 51.198351 4.390343
10 1 0 0 0 1 0 51.194832 4.416650
15 0 0 2 0 1 1 51.135498 4.561321
8 0 0 2 1 1 0 51.127744 4.472482
8 0 0 0 0 1 0 51.393538 4.595891
6 1 1 2 1 0 0 51.236638 4.101016
6 0 0 1 0 2 0 51.090907 4.392746
15 0 2 2 4 0 1 51.028992 4.477488
8 0 0 2 1 0 1 51.153437 4.341970
8 0 0 3 0 7 1 51.175353 4.524453
10 0 0 0 0 1 0 51.200411 4.389807
4 1 0 1 0 1 0 51.187713 4.372875
15 0 0 3 0 7 1 51.090863 4.493203
6 1 0 0 0 0 0 51.196536 4.396451
8 1 0 1 2 1 0 51.038962 4.509328
9 0 0 1 2 2 0 51.079785 4.397919
8 0 0 0 0 0 1 51.053787 4.357672
10 0 0 0 0 1 1 51.203820 4.388497
12 0 0 1 0 2 1 51.171284 4.456269
20 0 4 5 1 4 1 51.099328 4.240366
8 1 0 1 0 4 0 51.275252 4.362980
10 0 0 0 0 0 0 51.222904 4.408839
5 0 0 1 0 1 1 51.408725 4.612072
4 0 0 2 0 0 1 51.323806 4.507097
12 0 0 0 0 1 1 51.189270 4.397058
4 0 0 1 1 0 1 51.173478 4.347500
9 0 1 3 0 5 0 51.201778 4.345152
8 0 0 1 0 2 1 51.172219 4.388694
6 0 1 1 2 2 1 51.299447 4.409789
15 0 0 1 0 0 1 51.313177 4.513122
8 0 0 2 0 0 1 51.213687 4.260734
8 0 0 1 0 1 0 51.208971 4.446987
8 0 0 0 0 0 1 51.067912 4.735422
10 0 0 0 0 0 1 51.218064 4.406949
4 0 0 1 0 0 1 51.250325 4.495139
8 0 0 1 1 0 1 51.195514 4.363242
6 0 0 0 0 0 0 51.103398 4.409753
8 0 0 0 0 0 1 51.218246 4.419167
7 0 0 2 0 1 1 51.085172 4.445148
9 1 1 1 3 0 0 51.251036 4.498565
6 0 0 0 1 0 1 51.276570 4.407614
6 0 0 0 0 1 1 51.198566 4.402755
10 0 0 1 0 0 0 51.219715 4.448700
12 0 0 1 0 0 1 51.095137 4.506172
6 0 0 0 0 2 1 51.221432 4.420692
8 0 0 6 0 3 1 51.275267 4.333109
15 0 0 3 0 0 1 51.194807 4.477473
8 0 0 2 1 3 1 51.107139 4.087830
5 0 0 0 0 0 0 51.037813 4.481641
8 1 0 0 0 2 0 51.206058 4.413640
6 0 0 0 1 1 1 51.211641 4.400476
10 0 0 0 0 0 1 51.220012 4.436008
8 0 0 1 0 1 1 51.160632 4.418481
8 1 0 0 0 0 0 51.222010 4.429347
8 0 0 1 0 2 0 51.222395 4.499977
8 1 1 2 2 2 0 51.113971 4.125130
6 0 0 2 1 0 1 51.185243 4.184382
6 0 0 1 2 0 1 51.162512 4.167547
6 0 0 2 0 3 1 51.218463 4.113016
14 0 0 3 0 5 1 51.090298 4.360084
6 0 0 0 0 0 1 51.276719 4.443075
8 0 0 0 0 0 1 51.205237 4.381905
8 0 1 3 0 0 0 51.134012 4.477136
12 0 3 2 5 2 1 51.008713 4.513641
5 0 0 0 0 0 1 51.245711 4.489935
6 0 0 0 0 1 1 51.199655 4.465064
4 1 0 1 0 0 0 51.192780 4.372736
8 0 0 0 0 0 0 51.233014 4.408843
10 1 0 0 0 1 0 51.196181 4.426158
8 1 0 1 0 4 0 51.288465 4.485111
7 0 3 0 3 0 1 51.036963 4.589109
6 0 0 1 0 2 1 51.189454 4.386323
10 0 0 3 0 2 1 51.219093 4.304590
5 0 0 0 0 0 1 51.228837 4.514636
10 1 0 0 0 1 0 51.206649 4.384208
8 0 0 0 0 0 1 51.003262 4.485828
8 0 0 0 0 0 0 51.174188 4.457453
9 0 0 1 0 0 0 51.275772 4.414539
10 1 0 0 0 0 0 51.108537 4.551391
18 0 0 1 0 1 1 51.225155 4.418513
6 0 0 0 0 1 0 51.225614 4.472377
10 0 0 2 0 1 0 51.167073 4.427231
5 0 0 0 0 1 0 51.016486 4.497747
8 0 0 4 0 2 0 51.189446 4.559135
6 0 0 1 0 0 0 51.197566 4.461958
6 0 0 2 0 0 0 51.197584 4.527400
9 1 1 3 1 3 0 51.242857 4.632611
8 0 0 0 1 0 0 51.223328 4.386241
10 0 0 0 0 0 0 51.222642 4.402405
8 0 0 1 0 0 0 51.227646 4.523820
9 0 0 1 1 0 0 51.182287 4.447998
7 0 0 2 0 4 0 51.129044 4.335503
8 0 0 1 0 0 0 51.219880 4.470493
6 0 0 0 0 1 0 51.236002 4.488555
8 0 0 0 0 0 0 51.209587 4.242172
6 1 0 0 0 0 0 51.227086 4.519972
5 0 0 0 0 0 0 51.168759 4.335428
8 1 0 0 0 0 0 51.082862 4.513453
4 0 0 0 0 0 0 51.166674 4.448030
8 0 0 1 0 2 0 51.097062 4.493547
6 0 0 0 0 0 0 51.187412 4.425098
8 0 0 0 0 0 0 51.059213 4.628109
6 0 0 0 1 0 0 51.160689 4.150393
8 0 0 3 0 2 0 51.213575 4.590109
8 0 1 1 1 0 0 51.013213 4.583859
6 0 0 0 0 0 0 51.225029 4.412373
8 1 0 0 0 0 0 51.053762 4.447953
8 0 0 0 1 0 0 51.283912 4.297984
8 0 0 0 0 2 0 51.182989 4.423724
10 0 0 0 0 0 0 51.212906 4.260594
6 0 2 0 1 0 0 51.217788 4.124297
6 0 0 0 0 0 0 51.248467 4.423122
8 0 0 3 0 5 0 51.301197 4.471988
6 0 0 0 2 0 0 51.283986 4.419407
10 1 0 1 0 0 0 51.250498 4.419710
6 0 0 0 0 0 0 51.195405 4.472546
9 1 1 3 3 2 0 51.216563 4.654109
10 0 0 0 0 1 0 51.220053 4.438134
8 0 0 1 0 2 0 51.131823 4.559651
8 1 0 1 0 1 0 51.137037 4.349391
8 0 0 0 0 0 0 51.033563 4.479484
8 1 0 1 0 1 0 51.027012 4.468203
6 0 0 2 1 3 0 51.170102 4.514612
8 1 0 0 0 0 0 51.257449 4.449054
10 0 0 1 0 1 0 51.232873 4.402824
6 1 0 0 0 1 0 51.228971 4.478106
6 1 0 3 1 1 0 51.303951 4.288844
6 0 0 1 0 0 0 51.336257 4.502239
8 0 0 1 1 1 0 51.230215 4.508250
4 0 0 1 1 0 0 51.168059 4.462146
10 0 0 0 0 0 0 51.220371 4.403903
6 0 0 0 0 0 0 51.110922 4.335957
10 1 0 2 2 1 0 51.303384 4.485735
7 0 0 3 1 1 0 51.445888 4.410077
8 1 1 2 0 3 0 51.310065 4.554734
5 0 0 0 0 0 0 51.175713 4.135727
8 0 0 0 0 1 0 51.176527 4.436311
5 0 0 0 0 0 0 51.066255 4.033722
6 0 0 2 0 1 0 51.147092 3.958707
9 1 0 4 1 6 0 51.148121 4.305372
3 0 0 0 0 0 0 51.192614 4.380465
9 0 0 2 0 1 0 51.245874 4.703768
5 0 0 0 0 0 0 51.220363 4.186141
8 0 0 0 0 0 0 51.347108 4.679302
7 0 0 3 0 5 0 51.467269 4.493840
5 0 0 0 0 0 0 51.220588 4.294078
8 0 0 1 0 5 0 51.211969 4.492092
10 0 0 1 1 1 0 51.390889 4.466847
5 0 0 0 0 1 0 51.031575 4.482874
6 0 0 1 1 2 0 51.136662 4.152141
5 0 0 0 0 0 0 51.031156 4.492325
8 0 0 0 0 0 0 51.208679 4.384942
6 1 0 1 1 1 0 51.288099 4.432117
8 1 1 1 0 0 0 51.064062 4.580047
8 0 0 0 0 0 0 51.033637 4.483391
8 0 0 0 0 1 0 51.249975 4.420767
10 0 0 0 0 0 0 51.218534 4.439751
12 0 0 0 0 0 0 51.206174 4.392653
8 1 2 1 2 2 0 51.076189 4.045666
6 0 0 0 0 1 0 51.161927 4.139541
8 1 0 2 2 1 0 51.299277 4.557853
8 0 1 1 2 1 0 51.023162 4.606328
4 1 0 0 0 0 0 51.223212 4.441207
5 0 0 0 0 0 0 51.008288 4.485047
10 0 0 0 0 0 0 51.233156 4.430836
6 0 3 0 2 2 0 51.386797 4.503245
6 0 0 3 1 1 0 51.289796 4.361957
8 0 0 0 0 0 0 51.209566 4.418479
10 0 0 3 0 2 0 51.136498 4.338201
20 0 0 2 0 0 0 51.219476 4.349570
8 0 2 2 0 1 0 51.044488 4.325797
10 0 0 0 0 1 0 51.215085 4.415380
6 1 1 1 0 0 0 51.078673 4.395404
10 0 0 2 1 5 0 51.128456 4.582461
6 0 0 1 0 0 0 51.177911 4.191212
8 0 0 2 0 2 0 51.169200 4.504263
4 0 0 1 0 2 0 51.173525 4.352370
6 0 0 0 0 1 0 51.292377 4.443921
6 0 0 2 0 0 0 51.108099 4.389763
4 0 0 0 0 1 0 51.224449 4.427844
15 0 1 7 3 5 0 51.171266 4.311308
10 1 0 0 0 0 0 51.222170 4.418262
6 0 0 1 0 1 0 51.257175 4.415236
10 0 0 0 0 0 0 51.212981 4.412554
5 0 1 2 1 1 0 51.157152 4.043151
6 0 0 0 0 1 0 51.225882 4.409742
6 1 0 0 1 0 0 51.107347 4.409425
6 0 0 1 0 0 0 51.166211 4.136001
5 0 0 1 0 0 0 51.106749 4.327293
6 0 0 0 0 0 0 51.235467 4.420848
9 0 0 1 1 7 0 51.280071 4.442439
8 0 1 3 2 0 0 51.065987 4.457016
6 0 0 1 1 2 0 51.295969 4.285725
8 0 0 3 0 0 0 51.316400 4.585600
6 0 0 0 0 0 0 51.174031 4.391608
5 1 1 3 1 2 0 51.194000 4.095889
8 0 1 1 1 1 0 51.352573 4.323087
15 0 0 1 0 3 0 51.094712 4.672078
8 0 0 1 1 0 0 51.209084 4.457160
8 0 3 1 2 2 0 51.021420 4.552458
10 1 0 0 0 0 0 51.234897 4.413847
4 0 0 1 1 0 0 51.168193 4.349141
12 1 0 2 0 3 0 51.297730 4.488794
8 0 0 0 1 0 0 51.001962 4.470984
4 0 0 1 0 0 0 51.185271 4.342318
4 1 0 0 0 1 0 51.171508 4.443354
6 0 1 1 0 1 0 51.372762 4.502390
8 1 0 0 1 0 0 51.041663 4.476047
10 0 0 0 0 1 0 51.229718 4.403315
7 0 0 2 0 0 0 51.301229 4.512637
10 0 1 2 3 4 0 51.066212 4.244391
6 0 0 0 0 0 0 51.177505 4.422656
6 0 0 1 0 3 0 51.267291 4.376807
9 0 0 3 0 7 0 51.207172 4.075038
6 0 0 1 0 0 0 51.276010 4.472664
8 0 1 1 3 0 0 51.346171 4.322809
8 0 1 3 2 0 0 51.219848 4.282222
8 0 0 0 0 2 0 51.183208 4.407272
8 0 0 2 0 0 0 51.213902 4.331206
5 0 1 1 2 2 0 51.391679 4.563908
12 0 0 1 0 0 0 51.277280 4.418332
6 0 0 0 0 0 0 51.162507 4.389382
8 0 0 3 0 2 0 51.292519 4.586380
5 1 1 2 0 0 0 51.143457 4.068318
10 0 0 0 0 1 0 51.210217 4.400303
10 0 0 1 0 0 0 51.198577 4.476531
10 0 0 0 0 0 0 51.215584 4.425693
6 0 0 0 0 0 0 51.169154 4.142483
5 0 0 0 0 1 0 51.033030 4.477280
10 0 0 0 0 0 0 51.199470 4.410852
8 0 0 1 0 0 0 51.205902 4.471059
8 0 1 1 3 0 0 51.359862 4.308691
3 0 0 0 0 0 0 51.205135 4.396440
6 0 0 0 0 0 0 51.184915 4.430131
10 1 4 1 4 2 0 51.279251 4.413487
10 0 0 1 0 0 0 51.157066 4.412920
5 0 0 0 0 0 0 51.215538 4.244266
10 0 0 0 0 0 0 51.198953 4.428081
12 0 0 0 0 1 0 51.206378 4.409737
10 0 0 0 0 0 0 51.219558 4.434797
10 0 0 0 0 1 0 51.209773 4.402034
8 0 0 2 1 4 0 51.256696 4.504926
5 1 0 0 0 0 0 51.168610 4.443188
6 0 0 1 1 4 0 51.315195 4.502002
12 0 1 1 0 5 0 51.281193 4.433994
8 1 1 1 0 2 0 51.056638 4.371734
7 0 3 1 1 0 0 51.297247 4.449327
12 0 1 3 1 2 0 51.020999 4.475248
6 0 0 1 2 0 0 51.085912 3.958422
12 0 0 2 0 0 0 51.010666 4.359363
10 0 0 1 0 4 0 51.105663 3.988609
5 0 0 1 1 3 0 51.252260 4.509666
10 0 0 0 0 1 0 51.220651 4.409715
6 0 2 2 2 2 0 51.210691 4.516520
5 0 0 0 2 0 0 51.026987 4.481172
10 1 0 3 0 4 0 51.158459 4.491400
6 0 0 2 0 2 0 51.288597 4.175664
9 0 1 4 0 5 0 51.239673 4.648328
8 0 2 1 0 0 0 51.057437 4.671391
6 0 0 0 0 1 0 51.216941 4.482290
6 0 0 1 0 0 0 51.100527 4.413793
6 0 0 1 0 5 0 51.254776 4.419877
10 0 0 0 0 0 0 51.222825 4.411308
10 0 0 0 0 2 0 51.201659 4.406112
30 0 0 1 0 0 0 51.218854 4.395981
6 0 0 0 0 1 0 51.158104 4.151547
10 0 0 0 0 0 0 51.218947 4.431561
9 0 0 1 0 0 0 51.278582 4.429733
8 0 1 2 1 3 0 51.067937 4.044796
4 0 0 1 1 0 0 51.178477 4.348674
12 0 0 0 0 0 0 51.225150 4.409169
10 0 0 1 0 0 0 51.200374 4.450111
10 0 0 1 0 0 0 51.216198 4.404611
10 0 0 0 0 0 0 51.197808 4.425373
8 0 1 3 1 0 0 51.154027 4.464429
6 0 0 1 2 2 0 51.175390 4.446246
12 0 0 1 0 0 0 51.201412 4.423756
8 1 0 0 0 1 0 51.261578 4.427026
10 0 1 2 1 0 0 51.196645 4.486249
8 0 0 1 1 1 0 51.335986 4.662127
20 0 0 0 0 0 0 51.222009 4.413310
10 0 0 2 1 1 0 51.175610 4.323296
8 1 0 0 0 0 0 51.042612 4.474766
4 0 0 1 0 3 0 51.169141 4.363531
10 0 0 0 2 0 0 51.215935 4.441858
12 0 2 2 2 1 0 51.032612 4.418016
4 0 0 1 0 1 0 51.119330 4.334242
10 0 0 1 0 5 0 51.130851 4.571872
12 0 1 2 0 0 0 51.313985 4.432633
8 1 0 0 0 0 0 51.023562 4.482047
10 0 1 0 2 0 0 51.037262 4.773828
20 0 0 2 0 2 0 51.215567 4.326626
12 0 6 2 3 4 0 51.314214 4.395384
6 1 0 1 0 0 0 51.173630 4.147661
5 0 0 1 0 1 0 51.264439 4.508009
12 0 0 3 1 2 0 51.155454 4.446309
8 1 0 2 0 2 0 51.155412 4.389753
6 0 0 1 0 0 0 51.244449 4.424506
10 0 0 0 0 0 0 51.220439 4.441721
5 0 0 0 0 0 0 51.225437 4.511388
10 1 1 1 0 0 0 51.037093 4.773673
9 0 0 2 2 0 0 51.129752 4.453141
8 0 0 0 0 0 0 51.299856 4.572162
6 0 0 2 1 1 0 51.121237 3.925922
12 0 0 4 0 7 0 51.252685 4.278888
18 1 0 0 0 1 0 51.231171 4.412960
6 0 0 1 0 1 0 51.291160 4.409264
10 0 0 0 0 0 0 51.209792 4.440496
8 0 0 0 1 0 0 51.240290 4.408396
8 0 0 0 0 1 0 51.200685 4.398456
10 0 0 0 0 0 0 51.214049 4.398077
6 1 0 0 0 0 0 51.234594 4.428888
10 0 0 0 0 0 0 51.223136 4.436443
9 0 0 0 1 2 0 51.279708 4.447414
6 0 0 0 0 2 0 51.201073 4.413100
8 1 0 1 0 2 0 51.396696 4.497402
8 0 0 0 0 0 0 51.216440 4.384437
16 1 0 1 0 2 0 51.213937 4.405031
16 1 0 3 2 2 0 51.151939 4.156101
8 0 0 1 0 0 0 51.357076 4.632323
5 0 1 0 0 0 0 51.295141 4.442275
16 0 0 2 2 4 0 51.107067 3.986160
10 1 1 2 3 2 0 51.328688 4.415708
5 0 0 1 1 0 0 51.241916 4.492156
6 1 1 2 1 1 0 51.283237 4.410737
10 0 0 0 0 0 0 51.231537 4.416722
12 0 0 1 0 0 0 51.231060 4.469183
8 0 1 2 0 3 0 51.154351 4.471180
8 0 0 0 2 2 0 51.354057 4.334387
5 0 0 0 0 0 0 51.036024 4.476029
9 1 0 0 0 0 0 51.172989 4.444577
8 0 1 2 6 0 0 51.010052 4.466213
6 0 0 0 0 0 0 51.187536 4.434078
6 0 0 0 0 1 0 51.243457 4.429530
9 0 0 2 1 3 0 51.194498 4.641757
4 0 1 1 1 3 0 51.123079 4.315381
4 0 0 0 0 1 0 51.188172 4.390985
20 0 3 1 4 0 0 51.073955 4.708925
6 0 0 2 0 3 0 51.125708 4.340096
10 1 0 0 0 0 0 51.225813 4.390795
10 1 0 0 0 0 0 51.215475 4.400635
12 1 0 1 0 0 0 51.213041 4.421130
8 0 0 0 0 0 0 51.220473 4.378699
8 0 0 0 0 0 0 51.243288 4.423703
6 0 0 0 0 0 0 51.223294 4.464108
16 0 0 1 0 6 0 51.209407 4.394327
6 1 0 2 0 5 0 51.142295 4.378679
8 1 0 0 0 1 0 51.201424 4.442068
9 0 2 3 2 3 0 51.218024 4.691210
10 0 0 0 0 0 0 51.205644 4.432176
12 0 1 4 2 1 0 51.060587 4.360328
6 0 0 0 0 1 0 51.224539 4.506354
10 0 0 4 1 2 0 51.134339 4.387087
6 0 0 0 0 0 0 51.174443 4.441296
8 0 0 0 0 3 0 51.251340 4.437628
10 1 0 0 0 1 0 51.207933 4.388739
10 0 1 2 0 0 0 51.054959 4.460257
4 1 0 0 0 0 0 51.229839 4.436393
30 0 0 1 0 0 0 51.220603 4.386783
16 0 0 1 7 0 0 51.262840 4.419017
8 1 1 2 0 3 0 51.365140 4.460410
12 1 1 3 1 4 0 51.323200 4.520506
5 0 0 0 0 1 0 51.194713 4.217047
8 0 0 2 0 1 0 51.326781 4.353588
12 0 0 0 0 0 0 51.211065 4.388459
6 0 0 0 0 0 0 51.227615 4.440089
10 1 0 0 2 3 0 51.218481 4.405389
6 0 0 1 0 3 0 51.035107 4.484394
6 0 0 0 0 0 0 51.206534 4.458613
5 0 0 0 2 0 0 51.025765 4.481468
12 0 0 1 0 0 0 51.033026 4.505096
16 1 1 6 0 8 0 51.163451 4.494919
10 1 0 0 1 0 0 51.225515 4.436411
18 0 0 0 2 0 0 51.219221 4.403666
8 0 2 1 0 1 0 51.306685 4.404408
8 1 0 0 0 0 0 51.205016 4.400249
8 0 0 0 0 0 0 51.020762 4.492766
12 0 0 1 0 2 0 51.214915 4.396144
8 1 0 0 0 0 0 51.180309 4.433057
10 0 0 1 2 0 0 51.217223 4.408999
12 1 3 4 2 3 0 51.206427 4.041521
8 0 0 0 0 0 0 51.195896 4.419083
9 0 1 2 4 3 0 51.028066 4.479462
9 0 2 2 2 2 0 51.188298 4.647883
12 1 0 0 1 1 0 51.229878 4.414408
8 0 0 2 1 0 0 51.350272 4.639053
8 1 0 0 0 3 0 51.212815 4.409435
12 1 0 2 2 0 0 51.263130 4.553566
12 0 0 2 2 0 0 51.160256 4.406770
16 0 0 2 1 2 0 51.228120 4.404984
8 0 0 0 0 0 0 51.217745 4.417699
10 0 0 0 0 0 0 51.218068 4.398008
8 0 0 1 0 5 0 51.278207 4.423899
7 0 0 0 0 0 0 51.304436 4.567917
8 0 0 0 0 0 0 51.216643 4.365767
10 1 0 0 0 0 0 51.216240 4.438266
10 0 0 0 0 0 0 51.215195 4.427459
6 0 0 1 0 3 0 51.113068 4.326947
8 0 0 2 1 3 0 51.303886 4.503740
20 1 0 3 0 3 0 51.217337 4.420352
6 0 0 0 0 0 0 51.276254 4.443128
8 0 0 2 0 2 0 51.061138 4.346703
12 0 0 1 1 1 0 51.177548 4.415880
10 1 0 0 0 1 0 51.223093 4.406103
8 0 1 2 1 3 0 51.210800 4.287500
9 0 1 2 0 0 0 51.197012 4.316422
10 1 0 0 0 1 0 51.226194 4.405018
8 0 1 1 1 2 0 51.160416 4.207174
12 0 1 3 0 2 0 51.332251 4.365062
8 1 1 1 5 1 0 51.279745 4.453340
5 0 0 0 0 0 0 51.028101 4.469837
10 0 0 0 0 0 0 51.234801 4.386563
8 0 0 0 0 1 0 51.228055 4.423065
6 1 0 1 0 2 0 51.196475 4.309472
4 0 0 0 0 0 0 51.210744 4.389973
7 0 0 3 0 6 0 51.255373 4.188618
10 0 0 0 0 1 0 51.222774 4.424087
6 0 0 1 4 1 0 51.114148 4.371914
10 1 0 0 0 0 0 51.224032 4.407191
6 0 0 0 0 1 0 51.219312 4.364271
5 0 0 0 0 0 0 51.213187 4.238453
8 0 0 1 0 1 0 51.206901 4.364372
9 1 0 5 1 3 0 51.213524 4.656733
9 1 1 0 1 2 0 51.279061 4.409734
10 0 0 0 0 0 0 51.210027 4.390989
10 0 0 1 2 1 0 51.172067 4.393396
12 1 1 1 0 0 0 51.013688 4.443016
6 0 0 1 0 0 0 51.272190 4.441545
9 0 1 2 1 0 0 51.284441 4.422886
8 0 0 0 0 0 0 51.217402 4.377915
8 0 0 1 0 0 0 51.136798 4.345076
6 0 0 0 0 0 0 51.185804 4.424332
4 0 0 0 1 0 0 51.232090 4.426910
8 0 0 1 1 3 0 51.311376 4.264530
12 0 0 2 0 1 0 51.271906 4.458615
6 0 0 1 1 2 0 51.124085 4.213335
10 0 0 0 0 0 0 51.198656 4.424422
6 1 0 3 1 2 0 51.174388 3.933266
12 0 0 3 0 0 0 51.126242 4.221439
4 0 0 1 1 1 0 51.171902 4.338450
8 1 0 1 1 1 0 51.161977 4.449758
9 1 1 1 0 3 0 51.293512 4.437661
8 0 0 1 0 1 0 51.210271 4.581487
7 0 0 1 1 1 0 51.465167 4.471870
8 0 0 1 0 2 0 51.282031 4.442130
4 0 0 1 1 2 0 51.254992 4.535799
3 0 0 1 2 0 0 51.173167 4.365945
6 0 0 0 1 0 0 51.224219 4.432100
8 0 1 0 0 0 0 51.400087 4.648984
8 0 0 2 0 0 0 51.357964 4.542294
10 0 0 0 0 0 0 51.223711 4.400036
13 0 1 4 5 7 0 51.066263 4.354734
10 0 1 3 2 0 0 51.201540 4.348871
10 0 0 0 0 0 0 51.207076 4.397461
10 1 0 0 0 0 0 51.206943 4.385830
15 0 0 1 0 0 0 51.034363 4.470859
8 1 0 0 0 0 0 51.212196 4.397330
8 0 1 4 5 2 0 51.432993 4.518031
8 1 0 1 0 0 0 51.388112 4.595797
6 0 0 0 0 0 0 51.188095 4.436830
8 0 0 0 0 1 0 51.219612 4.443908
8 0 0 0 0 0 0 51.022613 4.487578
6 1 0 1 1 0 0 51.078776 4.401053
10 0 2 2 1 2 0 51.108663 4.353203
8 1 0 0 0 0 0 51.019813 4.465922
6 0 0 1 2 1 0 51.146038 3.954237
6 0 0 1 0 0 0 51.138469 4.400226
8 0 0 2 0 4 0 51.462395 4.451875
8 0 1 2 0 0 0 51.130057 4.268485
8 0 1 2 0 0 0 51.040062 4.444391
6 0 0 0 0 0 0 51.207778 4.398341
25 0 1 2 1 0 0 51.016362 4.483984
10 0 0 2 0 0 0 51.093987 4.509109
8 0 0 0 1 1 0 50.997613 4.537578
8 0 0 0 0 0 0 51.002997 4.518178
8 0 0 2 0 1 0 51.080796 4.366648
10 0 0 1 1 0 0 51.233069 4.405265
10 0 0 0 0 1 0 51.203899 4.420789
7 0 1 2 3 2 0 51.181453 4.601807
5 0 0 0 0 0 0 50.981513 4.543547
8 0 0 3 3 0 0 51.143891 4.345562
9 0 0 1 0 3 0 51.277012 4.450924
10 1 0 0 0 0 0 51.196929 4.406384
8 1 1 2 1 1 0 51.369529 4.331280
8 0 2 0 1 2 0 51.070212 4.531672
10 0 0 0 0 1 0 51.216713 4.399376
8 0 0 1 0 3 0 51.046337 4.419891
8 0 0 1 2 2 0 51.126830 4.549822
8 1 0 2 0 5 0 51.115949 4.042492
5 1 1 1 0 0 0 51.277608 4.525615
8 1 0 0 0 1 0 51.060812 4.653828
8 0 0 0 2 0 0 51.255380 4.444643
10 0 0 0 1 1 0 51.205876 4.385983
6 0 0 3 0 5 0 51.198901 4.224452
10 1 0 0 1 0 0 51.216478 4.395167
6 0 0 0 0 0 0 51.280987 4.429588
6 0 0 0 0 0 0 51.281942 4.425178
6 0 0 0 1 3 0 51.268660 4.298241
7 0 1 1 0 2 0 51.398406 4.642449
9 1 0 2 0 6 0 51.224313 4.674297
7 0 0 3 0 7 0 51.256241 4.090219
9 0 1 3 1 0 0 51.326422 4.384437
12 1 0 0 1 0 0 51.229988 4.421004
8 1 0 1 0 1 0 51.233289 4.411016
6 0 0 0 0 0 0 51.223165 4.469224
6 0 0 0 1 2 0 51.274541 4.410591
8 0 1 3 0 3 0 51.181314 4.239223
8 0 1 1 0 4 0 51.134660 4.335115
10 1 0 0 0 1 0 51.230051 4.407695
8 0 0 0 0 0 0 51.213666 4.443826
6 1 0 0 0 1 0 51.163140 4.398436
8 0 2 2 6 0 0 51.027502 4.656581
12 0 4 0 6 2 0 51.077188 4.726859
6 0 0 1 0 0 0 51.052138 4.474672
4 1 0 1 0 0 0 51.186242 4.365394
5 0 0 0 1 1 0 51.217937 4.271953
8 0 0 0 1 2 0 51.009437 4.424359
6 0 1 2 0 0 0 51.115488 4.014703
6 0 0 3 0 5 0 51.260294 4.146962
7 0 0 1 0 0 0 51.214259 4.331016
6 0 0 0 0 0 0 51.251474 4.422984
