819 171 6958 450 993 186 214 186 322 712
0 51.227100 4.400348
8 0 0 0 0 0 1 51.273187 4.285984
4 0 0 1 1 0 1 51.187713 4.372875
5 0 1 2 2 0 1 51.150782 4.087757
8 0 0 1 0 2 1 51.246592 4.450544
8 0 0 0 0 0 1 51.173812 4.372703
5 0 0 0 1 2 1 51.040194 4.470909
50 0 0 0 0 0 0 51.341187 4.322109
5 1 0 0 0 0 0 51.100609 4.344476
8 0 0 0 0 2 0 51.272677 4.453893
8 0 0 0 0 0 0 50.982813 4.566859
20 0 1 1 1 0 1 51.073955 4.708925
8 0 0 5 0 5 0 51.275267 4.333109
5 0 0 0 0 0 1 51.156438 4.138891
8 0 1 1 1 0 1 51.060288 4.485016
30 0 0 4 0 11 1 51.221769 4.397027
16 0 0 2 1 3 1 51.228120 4.404984
8 0 0 0 0 0 1 51.270663 4.298828
8 0 0 0 2 0 1 51.018937 4.472828
5 0 0 0 0 0 1 51.256563 4.384812
5 0 0 0 0 0 0 51.026395 4.498954
8 0 3 2 0 1 1 51.203315 4.522377
5 0 0 0 0 0 0 51.040887 4.631703
8 0 0 0 0 0 0 51.059838 4.381734
5 0 0 0 0 2 1 51.085768 4.056188
8 1 0 1 1 0 0 51.124819 4.576043
5 0 0 0 0 1 1 51.196087 4.177922
5 0 0 0 0 0 1 51.046588 4.625359
8 0 0 0 0 0 1 51.398238 4.600141
10 0 0 0 0 0 0 51.233156 4.430836
5 1 0 0 0 0 0 51.288088 4.186703
10 0 0 2 0 3 0 51.175610 4.323296
9 0 1 1 1 0 1 51.297070 4.440306
8 0 0 0 0 0 0 51.261836 4.410605
6 1 0 0 0 1 0 51.260250 4.460146
6 0 0 0 0 2 1 51.189769 4.449264
5 0 0 0 0 1 1 51.093575 4.014314
7 0 0 1 0 2 1 51.160460 4.599177
10 1 1 3 0 4 0 51.303384 4.485735
8 0 0 0 0 0 1 51.183208 4.407272
8 0 0 3 0 3 0 51.189446 4.559135
20 1 0 1 0 1 0 51.217337 4.420352
5 0 0 0 1 0 1 51.050913 4.614828
8 1 1 0 1 1 0 51.001049 4.483985
8 0 1 2 3 3 1 51.065987 4.457016
6 1 0 1 0 2 0 51.087826 4.020574
10 0 0 0 0 2 0 51.207933 4.388739
10 0 0 0 0 0 1 51.215185 4.420339
8 0 1 1 3 0 1 51.231915 4.460655
4 0 0 1 0 4 0 51.177339 4.465560
5 0 0 0 0 0 1 51.168958 4.187833
5 1 0 0 0 0 0 51.021299 4.482395
5 0 0 0 0 0 1 51.168759 4.335428
8 0 2 1 2 2 0 51.342532 4.605053
8 0 0 0 0 0 1 51.061037 4.406578
6 0 0 1 0 0 0 51.117810 4.199508
6 0 0 0 0 1 0 51.206526 4.419793
8 0 0 0 0 0 1 51.209587 4.242172
5 0 0 0 0 0 0 51.037813 4.481641
5 0 0 0 0 0 0 51.014893 4.444767
5 0 0 0 0 0 1 51.100411 4.001452
7 1 2 1 3 2 0 51.447052 4.495865
8 0 1 2 2 4 1 51.133736 4.477244
8 0 0 0 0 0 1 51.307612 4.544297
6 0 0 0 0 0 0 51.076479 3.978444
5 1 0 0 0 0 0 51.185162 4.174464
6 0 0 0 0 0 1 51.107652 3.993016
12 0 0 3 1 0 0 51.314142 4.428821
8 1 0 1 0 2 0 51.038962 4.509328
5 0 0 0 0 0 1 51.257987 4.198109
9 0 1 2 1 3 0 51.181377 3.989760
4 1 0 1 1 2 0 51.064862 4.027547
5 0 0 0 0 0 0 51.326738 4.214547
5 0 0 1 0 2 0 51.249792 4.486430
10 0 0 0 0 0 0 51.212981 4.412554
8 0 0 0 0 0 0 51.211312 4.242984
15 0 0 5 0 5 1 51.081137 4.325141
6 1 0 3 0 3 0 51.197584 4.527400
5 0 0 0 0 0 1 51.254013 4.286922
4 0 0 1 1 1 1 51.168059 4.462146
5 0 0 0 0 1 0 51.220363 4.186141
10 0 0 3 0 5 0 51.292199 4.505304
8 0 0 1 1 1 0 51.066513 4.406578
6 1 0 0 0 0 0 51.161927 4.139541
6 0 1 2 1 2 0 51.251663 4.080797
15 0 0 4 0 3 0 51.113438 4.639359
4 0 0 0 0 1 1 51.212197 4.623627
9 0 2 0 2 0 1 51.158078 4.303201
5 0 0 0 0 0 1 51.181312 4.234391
10 0 0 0 0 0 0 51.201791 4.396084
9 0 1 1 2 7 0 51.150238 4.349788
6 0 1 0 2 0 1 51.221913 4.112516
3 0 0 0 0 0 1 51.192614 4.380465
10 0 0 0 0 0 1 51.231537 4.416722
6 1 0 1 0 6 0 51.265639 4.538202
15 0 0 2 0 0 1 51.135567 4.561026
6 0 0 1 0 0 1 51.171111 4.161404
12 0 2 1 2 2 1 51.032612 4.418016
6 0 0 0 0 0 0 51.165788 4.153016
5 1 0 0 1 0 0 51.025267 4.476385
5 0 0 0 0 0 1 51.158130 4.142480
8 0 0 1 0 2 0 51.321998 4.586594
9 0 1 4 1 5 1 51.216563 4.654109
5 0 0 0 0 0 0 50.992537 4.555453
8 1 0 0 0 1 0 51.053787 4.357672
30 0 0 4 0 1 1 51.219532 4.401271
10 0 0 0 0 0 1 51.220856 4.403942
8 1 0 0 1 0 0 51.174188 4.457453
10 0 0 0 0 0 0 51.222170 4.418262
18 0 0 0 0 0 0 51.225155 4.418513
8 1 2 1 0 2 0 51.225365 4.533484
5 0 0 0 0 0 1 51.117362 4.657703
10 0 0 0 0 2 0 51.211470 4.432484
16 0 0 0 0 0 1 51.209407 4.394327
5 0 0 0 1 1 0 51.244912 4.127078
9 0 1 4 1 3 1 51.204265 4.711974
6 1 0 0 0 0 0 51.103398 4.409753
5 0 0 0 0 0 0 51.263137 4.113328
5 0 0 0 1 0 1 51.036024 4.476029
8 0 0 1 0 0 1 51.240478 4.436202
6 0 0 1 0 3 1 51.276010 4.472664
8 0 0 2 2 1 1 51.155412 4.389753
6 1 2 1 0 1 0 51.086280 4.383358
8 0 1 0 0 0 1 51.026488 4.489578
9 0 0 0 0 0 1 51.268856 4.417591
8 0 0 2 0 3 1 51.252966 4.397517
6 0 0 1 0 1 0 51.236520 4.403218
7 0 0 2 0 0 0 51.129044 4.335503
6 0 0 0 0 1 1 51.243457 4.429530
4 1 0 0 0 0 0 51.175452 4.378871
12 0 0 0 0 0 1 51.183941 4.421241
8 0 0 0 0 0 0 51.040163 4.487734
3 1 0 0 0 0 0 51.022287 4.472672
15 0 1 8 2 7 0 51.171266 4.311308
9 0 0 1 1 1 0 51.225900 4.514172
6 0 0 0 0 1 1 51.254776 4.419877
8 0 0 0 0 0 1 51.258552 4.441847
5 0 0 0 0 0 0 51.170275 4.448350
6 0 0 0 0 0 1 51.161808 4.375792
10 0 0 0 0 3 0 51.196181 4.426158
9 0 1 4 3 5 1 51.241012 4.639511
8 0 0 0 1 0 0 51.261578 4.427026
8 0 0 1 0 2 1 51.301612 4.560772
5 0 0 0 0 0 0 51.036837 4.478797
8 1 0 1 0 0 0 51.278207 4.423899
8 0 0 1 0 1 0 51.011637 4.520984
6 0 0 0 0 0 1 51.204515 4.404592
5 0 0 2 1 2 1 51.113891 4.142706
6 1 0 0 0 0 0 51.204972 4.464467
6 0 1 0 2 2 0 51.205971 4.241158
8 1 0 0 0 0 0 51.226426 4.428510
20 1 0 4 0 4 0 51.215567 4.326626
6 0 0 0 1 1 0 51.283986 4.419407
8 0 0 0 0 0 0 51.023562 4.482047
6 0 0 0 0 0 0 51.189454 4.386323
8 1 0 0 0 0 0 51.029713 4.481297
5 1 0 0 0 1 0 51.023458 4.474515
8 0 0 0 1 1 1 51.354512 4.532453
8 0 0 3 0 5 1 51.111310 4.338990
8 0 0 2 0 2 1 50.980038 4.529547
6 0 0 0 0 0 0 51.146693 4.178889
9 0 1 4 2 2 0 51.269598 4.713503
6 1 0 1 1 1 0 51.125462 3.980328
8 0 0 2 0 1 1 51.117751 4.374930
8 1 0 0 0 0 0 51.024487 4.470078
6 0 0 2 0 1 1 51.264362 4.400398
12 0 0 5 0 6 1 51.148198 4.298527
12 0 0 1 0 2 1 51.033026 4.505096
6 0 0 0 0 1 1 51.080745 3.996848
12 1 0 1 0 0 0 51.214703 4.410627
10 0 0 4 0 2 0 51.126421 4.203733
4 0 0 1 0 0 1 51.169141 4.363531
5 0 0 0 1 0 0 51.020699 4.472166
8 0 1 0 0 1 1 51.299856 4.572162
6 0 0 0 0 0 1 51.202912 4.445783
8 1 1 3 2 4 0 51.035348 4.355543
5 0 0 0 0 0 1 51.193087 4.178020
8 1 0 3 0 3 0 51.127744 4.472482
8 0 0 0 0 1 0 51.067912 4.735422
6 0 0 1 0 0 0 51.228771 4.469809
10 0 0 0 1 0 1 51.198953 4.428081
12 0 0 1 0 0 1 51.095137 4.506172
12 0 0 2 3 0 0 51.163704 4.427347
8 0 0 4 0 3 1 51.326781 4.353588
8 0 0 0 0 0 1 51.026337 4.502578
5 0 0 0 0 3 1 51.106749 4.327293
5 0 0 3 2 1 0 51.143457 4.068318
12 0 0 5 0 8 1 51.051687 4.206703
12 0 0 2 0 3 1 51.070087 4.496109
6 0 0 2 0 3 1 51.121237 3.925922
16 0 0 1 0 0 1 51.213937 4.405031
10 0 0 1 0 1 0 51.105663 3.988609
9 1 0 1 0 1 0 51.280071 4.442439
12 0 0 2 1 5 1 51.010666 4.359363
12 1 0 0 1 1 0 51.218350 4.421640
30 1 0 1 0 0 0 51.218854 4.395981
15 0 0 2 0 2 0 51.313177 4.513122
6 1 0 0 2 0 0 51.199655 4.465064
14 0 0 3 1 5 0 51.090298 4.360084
8 0 0 0 0 0 1 51.211788 4.491578
6 0 1 0 0 0 1 51.117175 4.393959
6 0 0 1 0 1 1 51.074351 4.421475
8 0 0 2 2 1 1 51.292322 4.576815
8 1 1 1 0 3 0 51.035829 4.536540
5 0 0 0 0 1 1 51.184755 4.588897
8 0 1 2 1 2 1 51.083312 4.037359
12 1 1 1 2 3 0 51.291155 4.445047
10 0 0 4 1 0 1 51.219093 4.304590
10 0 0 2 0 4 1 51.302222 4.733957
8 0 3 2 0 2 1 51.328688 4.415708
5 0 0 0 0 0 1 51.026137 4.478109
6 0 0 1 1 0 0 51.219267 4.480683
8 0 0 0 0 0 1 51.195896 4.419083
5 0 0 1 1 2 1 51.408725 4.612072
6 1 1 0 1 0 0 51.225412 4.148453
7 0 0 4 0 4 1 51.467269 4.493840
14 0 0 0 1 0 1 51.258269 4.461709
8 0 0 4 0 5 0 51.143319 4.331135
6 0 0 0 0 1 1 51.228419 4.457469
8 0 0 1 0 0 1 51.172219 4.388694
12 0 3 3 4 3 1 51.206427 4.041521
10 0 0 0 0 0 1 51.218064 4.406949
12 0 2 1 2 2 1 51.165801 4.129170
12 0 0 2 1 0 1 51.263130 4.553566
12 0 1 2 1 5 1 51.281193 4.433994
5 0 0 0 1 3 1 51.025765 4.481468
8 0 0 0 0 0 1 51.011012 4.487328
7 1 3 2 0 0 0 51.360818 4.556023
30 0 0 2 0 9 0 51.218014 4.420746
4 1 0 1 0 2 0 51.323806 4.507097
8 0 1 2 2 2 1 51.113183 4.175422
8 0 0 0 0 0 1 51.039187 4.459984
8 1 0 0 0 0 0 51.209990 4.397599
10 0 0 1 1 1 1 51.037093 4.773673
8 0 0 4 0 0 1 51.219116 4.325602
12 0 1 1 2 2 1 50.981874 4.573494
20 0 1 4 0 9 1 51.017562 4.482484
10 1 0 0 0 1 0 51.229476 4.411315
10 0 0 0 0 0 0 51.215935 4.441858
12 0 2 2 2 3 0 51.073105 4.041802
8 0 0 0 0 1 1 51.035863 4.361703
5 0 0 0 1 0 1 51.031796 4.472839
8 1 0 2 3 0 0 51.195514 4.363242
9 0 0 1 0 1 1 51.169076 4.469175
8 0 0 3 1 3 0 51.343596 4.313906
8 1 0 0 0 0 0 51.217745 4.417699
10 1 0 1 1 4 0 51.298839 4.711137
10 0 0 0 0 0 1 51.219358 4.436578
6 0 1 1 1 4 0 51.284692 4.426594
8 1 0 0 0 0 0 51.225052 4.399700
8 0 3 3 5 1 1 51.353468 4.397381
6 0 0 0 0 0 0 51.169154 4.142483
8 0 0 0 0 1 1 51.383088 4.596953
8 1 0 2 0 0 0 51.211969 4.492092
8 0 0 3 1 2 0 51.312342 4.452174
8 0 0 1 0 0 1 51.126863 4.336547
5 0 0 0 0 0 1 51.111438 4.344266
9 0 0 2 0 0 1 51.265282 4.635888
8 0 0 2 0 4 1 51.139505 4.184836
4 0 0 0 0 0 1 51.250325 4.495139
30 1 0 2 0 0 0 51.219840 4.416770
9 1 0 3 1 2 0 51.182440 4.593019
5 1 0 0 0 0 0 51.220588 4.294078
8 0 0 1 0 0 1 51.393538 4.595891
6 1 1 2 1 1 0 51.236638 4.101016
6 0 0 1 1 4 1 51.090907 4.392746
8 0 0 1 0 0 0 51.213687 4.260734
12 0 0 0 0 0 1 51.229878 4.414408
12 0 0 2 0 0 1 51.313985 4.432633
5 0 1 2 1 3 1 51.194000 4.095889
16 0 1 8 3 4 0 51.163451 4.494919
8 1 0 1 0 1 0 51.205902 4.471059
9 0 0 0 0 0 1 51.182287 4.447998
8 0 0 2 1 4 0 51.275252 4.362980
10 0 0 0 0 0 1 51.222904 4.408839
10 0 0 2 2 0 1 51.134339 4.387087
7 0 1 2 0 1 0 51.201897 4.514389
8 0 0 0 1 0 1 51.082862 4.513453
6 0 0 1 2 0 0 51.299447 4.409789
6 0 0 0 0 0 1 51.190178 4.404848
12 1 1 3 1 0 0 51.135273 4.445927
8 0 1 2 0 0 1 51.365140 4.460410
7 0 2 0 3 1 0 51.036963 4.589109
8 1 3 0 3 0 0 51.350233 4.315976
6 0 0 0 1 0 0 51.221432 4.420692
10 0 1 2 3 5 1 51.196645 4.486249
12 0 0 2 0 0 1 51.238375 4.577672
8 0 0 0 0 0 0 51.257449 4.449054
9 1 0 2 0 1 0 51.252908 4.617496
6 0 0 0 0 0 1 51.276570 4.407614
6 0 0 0 0 1 1 51.162512 4.167547
5 0 0 0 0 2 0 51.066255 4.033722
12 0 1 1 5 2 1 51.020999 4.475248
8 0 1 3 0 2 1 51.154083 4.464759
10 0 0 1 1 0 1 51.297076 4.696445
8 0 0 0 0 2 1 51.199430 4.416728
9 1 0 1 0 0 0 51.079785 4.397919
8 0 0 0 0 0 1 51.222010 4.429347
10 0 0 0 0 0 1 51.220053 4.438134
8 0 0 3 0 1 1 51.107139 4.087830
8 0 0 1 1 0 0 51.288465 4.485111
7 1 0 1 0 0 0 51.390178 4.592080
4 0 0 0 0 0 1 51.224449 4.427844
8 0 0 1 0 1 1 51.027012 4.468203
10 1 0 0 0 0 0 51.200411 4.389807
8 1 1 1 1 3 0 51.113971 4.125130
10 0 0 0 0 0 1 51.197808 4.425373
6 0 0 1 0 3 1 51.185243 4.184382
8 0 0 0 1 0 1 51.245285 4.409086
6 1 0 0 0 0 0 51.276719 4.443075
6 0 1 1 2 4 0 51.123079 4.315381
3 0 0 0 0 0 0 51.173525 4.352370
10 0 0 2 0 0 1 51.130851 4.571872
5 1 0 1 1 0 0 51.264439 4.508009
8 0 1 1 0 0 0 51.203753 4.482947
6 0 0 0 0 0 1 51.225223 4.404898
8 0 0 1 0 1 1 51.222395 4.499977
10 0 0 1 0 0 0 51.157063 4.412932
5 0 0 0 0 1 1 51.215538 4.244266
10 1 1 4 2 2 0 51.175913 4.315766
20 0 2 4 2 6 1 51.077238 4.282328
16 1 0 1 0 1 0 51.207008 4.430588
10 1 1 1 1 1 0 51.037262 4.773828
6 0 0 0 0 0 1 51.170102 4.514612
6 0 0 0 0 0 1 51.176462 4.393114
10 0 0 1 1 0 1 51.232873 4.402824
8 0 0 3 1 5 1 51.127000 4.498664
6 0 0 2 0 1 1 51.152509 4.381568
8 1 0 0 0 0 0 51.026438 4.475922
5 0 0 0 1 2 1 51.228837 4.514636
10 0 0 0 0 0 0 51.206649 4.384208
6 0 0 0 0 0 1 51.187412 4.425098
7 0 1 2 2 1 1 51.301229 4.512637
12 0 1 3 1 3 1 51.133728 4.476379
8 0 1 0 0 0 1 51.003262 4.485828
18 0 0 0 0 0 0 51.225304 4.401302
6 0 0 0 0 0 1 51.216941 4.482290
6 0 0 0 0 0 1 51.227354 4.438803
7 0 0 2 0 2 1 51.445888 4.410077
6 0 0 1 0 1 1 51.177911 4.191212
6 0 0 2 1 1 1 51.216963 4.259328
10 0 0 0 0 1 0 51.234897 4.413847
6 0 0 1 0 0 1 51.257175 4.415236
16 0 0 1 0 3 1 51.171412 4.144773
15 0 0 0 2 2 1 51.164037 4.497266
8 0 0 2 0 4 0 51.213902 4.331206
8 0 1 2 1 2 1 51.051262 4.347266
12 1 0 0 0 0 0 51.206174 4.392653
10 0 0 1 0 1 1 51.108537 4.551391
6 0 0 0 0 0 0 51.235467 4.420848
6 0 0 0 0 0 0 51.225614 4.472377
20 0 5 5 5 1 0 51.099328 4.240366
9 0 0 3 1 6 0 51.148121 4.305372
5 0 0 0 0 1 0 51.016486 4.497747
12 0 0 2 0 1 0 51.171284 4.456269
5 0 1 2 1 2 0 51.157152 4.043151
8 0 0 1 0 1 0 51.256696 4.504926
6 1 0 1 0 0 0 51.214957 4.461535
9 0 0 1 0 0 0 51.251036 4.498565
10 0 1 6 2 5 0 51.219355 4.195122
12 0 1 3 0 5 0 51.297730 4.488794
7 1 2 2 2 2 0 51.297247 4.449327
8 0 0 2 0 1 0 51.169089 4.493175
8 1 0 2 0 4 0 51.346171 4.322809
9 0 1 3 2 3 0 51.242857 4.632611
5 0 0 1 0 2 0 51.225763 4.267766
8 0 0 0 0 0 0 51.191437 4.399016
9 0 1 3 2 1 0 51.079164 4.422918
6 0 0 0 1 0 0 51.158104 4.151547
8 0 2 3 1 0 0 51.359862 4.308691
8 0 0 0 0 0 0 51.251340 4.437628
6 0 0 1 0 0 0 51.244449 4.424506
8 0 0 1 0 0 0 51.209084 4.457160
6 0 0 1 2 0 0 51.236002 4.488555
8 1 1 2 2 2 0 51.310065 4.554734
12 0 0 1 1 5 0 51.277280 4.418332
6 1 0 0 0 1 0 51.177505 4.422656
6 1 0 0 0 0 0 51.227086 4.519972
10 0 0 2 0 3 0 51.287816 4.485989
6 0 0 1 0 2 0 51.175390 4.446246
10 0 0 2 2 0 0 51.167073 4.427231
6 0 3 0 3 0 0 51.386797 4.503245
8 1 0 2 1 3 0 51.097062 4.493547
30 0 0 5 1 16 0 51.200576 4.432725
10 0 0 0 0 0 0 51.229718 4.403315
8 0 2 1 2 2 0 51.002063 4.585766
8 1 0 0 0 0 0 51.059213 4.628109
6 0 1 1 0 6 0 51.160689 4.150393
9 0 1 2 2 3 0 51.201778 4.345152
8 0 0 0 0 1 0 51.182989 4.423724
8 0 0 1 0 2 0 51.219880 4.470493
10 0 3 1 5 1 0 51.290754 4.435279
10 0 0 0 0 0 0 51.230100 4.442407
6 0 0 0 0 0 0 51.243292 4.419456
10 1 0 0 0 0 0 51.201659 4.406112
6 0 0 0 1 0 0 51.229974 4.443205
6 0 0 2 0 0 0 51.125708 4.340096
8 0 0 3 0 1 0 51.301197 4.471988
10 0 0 0 0 0 0 51.222642 4.402405
6 0 0 1 0 5 0 51.140841 4.193023
8 0 2 1 5 3 0 51.306685 4.404408
8 0 0 0 1 0 0 51.053762 4.447953
9 0 0 5 1 1 0 51.106897 4.452088
8 1 0 2 0 3 0 51.427822 4.463189
8 0 0 0 0 0 0 51.283912 4.297984
10 1 0 0 0 0 0 51.212906 4.260594
10 0 0 1 0 0 0 51.250498 4.419710
15 0 2 4 1 3 0 51.194807 4.477473
6 0 0 1 0 2 0 51.078673 4.395404
12 0 6 1 8 3 0 51.314214 4.395384
6 0 1 0 3 0 0 51.217788 4.124297
9 0 0 3 1 3 0 51.245874 4.703768
6 0 0 0 0 0 0 51.248467 4.423122
20 0 0 3 0 0 0 51.245043 4.419554
6 1 1 1 0 0 0 51.168224 4.473208
15 0 1 4 1 0 0 51.090863 4.493203
20 0 0 0 1 0 0 51.218214 4.414969
12 0 0 4 0 4 0 51.289898 4.492477
5 0 0 1 0 0 0 51.182779 4.560999
5 0 0 1 0 3 0 51.087587 4.480641
5 0 0 0 0 0 0 51.245711 4.489935
8 0 1 2 0 4 0 51.303886 4.503740
10 1 0 0 0 1 0 51.208759 4.387391
6 1 0 0 0 0 0 51.195405 4.472546
8 0 0 1 0 0 0 51.208971 4.446987
20 1 0 2 1 2 0 51.219476 4.349570
8 0 0 2 0 1 0 51.230215 4.508250
10 0 0 1 0 0 0 51.219715 4.448700
6 1 0 0 0 0 0 51.211641 4.400476
8 0 0 0 0 0 0 51.131823 4.559651
12 1 0 1 0 1 0 51.206378 4.409737
6 0 0 0 1 0 0 51.292377 4.443921
6 1 0 2 0 0 0 51.142295 4.378679
8 0 1 2 3 0 0 51.076189 4.045666
8 1 0 1 0 1 0 51.227646 4.523820
6 1 0 0 0 2 0 51.201073 4.413100
6 0 0 0 0 0 0 51.225029 4.412373
8 0 0 0 0 0 0 51.033563 4.479484
10 0 0 0 0 0 0 51.223621 4.402995
6 0 0 0 0 2 0 51.196536 4.396451
8 0 2 0 1 1 0 51.013213 4.583859
12 1 1 4 0 3 0 51.127883 4.290993
8 0 0 1 0 0 0 51.167748 4.498140
8 1 1 0 0 0 0 51.001962 4.470984
6 0 0 1 0 0 0 51.303951 4.288844
6 0 0 0 0 2 0 51.166211 4.136001
6 0 0 2 0 2 0 51.336257 4.502239
6 0 0 2 0 2 0 51.289796 4.361957
30 1 0 1 0 6 0 51.220603 4.386783
8 0 0 2 1 0 0 51.148893 4.454859
6 0 0 0 0 0 0 51.110922 4.335957
8 0 0 0 0 1 0 51.203519 4.425668
6 0 0 2 0 3 0 51.218463 4.113016
6 0 0 0 0 0 0 51.162507 4.389382
8 0 0 2 2 1 0 51.109196 4.326616
8 0 0 0 2 3 0 51.064062 4.580047
5 0 0 0 0 0 0 51.175713 4.135727
10 0 0 1 0 0 0 51.200374 4.450111
6 0 0 0 0 1 0 51.228971 4.478106
8 0 1 1 2 2 0 51.067937 4.044796
8 0 0 4 0 7 0 51.096863 4.554703
6 1 1 1 1 3 0 51.147092 3.958707
5 1 0 1 0 3 0 51.225687 4.282953
8 0 1 1 2 1 0 51.347108 4.679302
8 0 2 1 2 3 0 51.056638 4.371734
3 0 0 0 0 0 0 51.183746 4.382498
8 0 0 0 0 0 0 51.234075 4.394683
8 1 0 3 0 5 0 51.175353 4.524453
8 0 0 1 0 0 0 51.206058 4.413640
5 1 0 0 0 0 0 51.031575 4.482874
20 0 0 3 1 5 0 51.219473 4.415807
8 1 0 1 1 0 0 51.160631 4.418585
6 0 0 1 0 1 0 51.136662 4.152141
5 0 0 0 2 0 0 51.031156 4.492325
8 0 0 0 0 0 0 51.208679 4.384942
10 0 0 1 0 0 0 51.198577 4.476531
6 0 0 0 0 1 0 51.288099 4.432117
6 0 0 0 1 1 0 51.213944 4.438269
9 0 0 2 0 0 0 51.106910 4.370079
8 0 0 0 1 0 0 51.033637 4.483391
8 0 0 0 0 0 0 51.249975 4.420767
15 1 0 1 0 2 0 51.026238 4.492953
12 0 0 0 0 0 0 51.189270 4.397058
10 0 0 0 0 0 0 51.218534 4.439751
10 0 0 3 0 0 0 51.158459 4.491400
10 0 1 1 1 0 0 51.066212 4.244391
8 0 0 0 0 0 0 51.163665 4.401212
12 0 1 4 3 4 0 51.155454 4.446309
10 0 0 0 0 0 0 51.216749 4.431710
10 0 0 0 0 0 0 51.220012 4.436008
4 1 0 0 0 2 0 51.175565 4.332060
8 0 0 2 0 6 0 51.299277 4.557853
8 0 0 1 0 0 0 51.137037 4.349391
10 0 0 0 0 0 0 51.209527 4.423870
4 0 0 0 0 0 0 51.223212 4.441207
6 1 0 0 0 0 0 51.197566 4.461958
10 0 0 2 0 0 0 51.390889 4.466847
4 0 0 0 0 0 0 51.166674 4.448030
6 0 0 1 0 1 0 51.168923 4.456759
5 0 0 0 0 0 0 51.008288 4.485047
6 0 0 1 0 3 0 51.173630 4.147661
8 0 0 0 0 0 0 51.248090 4.432111
8 0 0 2 3 4 0 51.220582 4.459361
8 0 0 0 0 0 0 51.209566 4.418479
8 1 2 1 3 1 0 51.223261 4.125409
9 0 0 0 0 0 0 51.275772 4.414539
8 0 2 0 3 0 0 51.044488 4.325797
18 0 0 0 0 1 0 51.231171 4.412960
10 0 0 0 0 0 0 51.215085 4.415380
6 1 0 0 0 1 0 51.187536 4.434078
5 0 0 2 0 0 0 51.226246 4.088195
9 1 0 1 2 1 0 51.278582 4.429733
8 0 0 0 0 0 0 51.169200 4.504263
6 0 0 1 0 3 0 51.108099 4.389763
8 1 0 1 1 3 0 51.258917 4.465299
8 0 0 0 0 0 0 51.031512 4.475672
8 1 0 2 0 6 0 51.153437 4.341970
6 0 0 0 0 0 0 51.107347 4.409425
9 0 0 1 0 0 0 51.244880 4.466888
8 0 0 0 0 0 0 51.205016 4.400249
6 0 0 1 0 0 0 51.295969 4.285725
8 0 0 2 0 1 0 51.316400 4.585600
10 0 0 4 0 7 0 51.136498 4.338201
6 0 0 0 0 0 0 51.174031 4.391608
8 0 0 3 0 4 0 51.148976 4.434725
15 0 0 0 0 0 0 51.094712 4.672078
10 0 0 0 1 0 0 51.220371 4.403903
8 0 0 3 1 2 0 51.292519 4.586380
6 0 0 0 0 1 0 51.276254 4.443128
5 0 0 1 0 2 0 51.165826 4.463566
4 0 0 1 0 3 0 51.168193 4.349141
4 0 0 1 1 1 0 51.185271 4.342318
7 1 1 2 0 2 0 51.085172 4.445148
4 0 0 0 1 1 0 51.171508 4.443354
6 0 1 1 2 0 0 51.372762 4.502390
8 0 0 0 0 1 0 51.041663 4.476047
8 0 0 0 0 0 0 51.180309 4.433057
8 0 0 2 1 0 0 51.227967 4.541617
4 0 0 1 0 1 0 51.178477 4.348674
6 0 0 1 0 3 0 51.267291 4.376807
12 0 0 1 0 3 0 51.023238 4.479422
9 0 1 2 1 0 0 51.207172 4.075038
5 0 1 1 2 0 0 51.391679 4.563908
6 1 0 0 1 3 0 51.194410 4.443584
10 0 2 2 2 0 0 51.107754 4.358221
6 0 0 1 0 2 0 51.291160 4.409264
10 0 0 0 0 0 0 51.210217 4.400303
10 0 0 0 1 0 0 51.215584 4.425693
5 0 0 0 0 0 0 51.033030 4.477280
10 0 0 0 0 1 0 51.199470 4.410852
10 0 2 0 4 0 0 51.279251 4.413487
3 1 0 0 0 1 0 51.205135 4.396440
5 0 0 0 2 0 0 51.295141 4.442275
6 0 0 0 0 0 0 51.184915 4.430131
8 1 0 3 0 5 0 51.154351 4.471180
10 0 0 0 1 0 0 51.219558 4.434797
10 0 0 0 0 0 0 51.209773 4.402034
8 0 3 0 4 1 0 51.021420 4.552458
5 0 0 0 0 1 0 51.168610 4.443188
4 0 0 0 0 0 0 51.229839 4.436393
8 0 0 0 0 0 0 51.354057 4.334387
6 0 0 1 0 2 0 51.315195 4.502002
8 0 0 1 0 0 0 51.170561 4.449807
5 0 0 0 0 0 0 51.252260 4.509666
8 1 0 0 1 0 0 51.242517 4.442031
9 0 1 4 3 2 0 51.296537 4.412464
6 0 0 0 0 0 0 51.225882 4.409742
6 0 1 1 1 1 0 51.085912 3.958422
10 0 0 0 0 4 0 51.220651 4.409715
7 0 0 0 1 0 0 51.329452 4.528526
18 0 0 0 0 3 0 51.219221 4.403666
6 0 0 4 1 1 0 51.210691 4.516520
5 0 0 0 0 0 0 51.026987 4.481172
10 0 0 1 0 2 0 51.203284 4.391719
12 0 0 2 0 1 0 51.160256 4.406770
6 0 0 0 0 0 0 51.288597 4.175664
9 0 3 0 3 0 0 51.099508 4.339847
8 0 2 1 2 1 0 51.352573 4.323087
9 0 1 5 1 7 0 51.239673 4.648328
8 0 2 1 4 0 0 51.057437 4.671391
6 0 0 0 0 0 0 51.100527 4.413793
10 0 0 0 0 2 0 51.222825 4.411308
8 0 0 3 1 4 0 51.188209 4.562116
15 0 2 2 2 6 0 51.029263 4.484016
8 0 0 0 0 1 0 51.218420 4.402825
10 0 0 0 0 1 0 51.218947 4.431561
10 1 0 0 0 0 0 51.214221 4.397747
9 0 1 1 3 4 0 51.272024 4.412206
8 0 0 0 0 1 0 51.251071 4.449116
10 0 0 0 1 0 0 51.216198 4.404611
8 0 0 2 1 2 0 51.335986 4.662127
12 1 0 0 1 3 0 51.201412 4.423756
9 0 1 1 0 1 0 51.129752 4.453141
15 0 0 3 3 5 0 51.028992 4.477488
8 0 0 1 0 0 0 51.205237 4.381905
5 0 0 0 0 0 0 51.251994 4.501601
12 0 1 3 2 0 0 51.281020 4.434462
8 0 1 0 0 0 0 51.042612 4.474766
6 1 0 0 0 0 0 51.234448 4.403506
8 0 1 3 3 2 0 51.211161 4.597215
4 0 0 2 0 4 0 51.119330 4.334242
4 0 0 1 0 0 0 51.173478 4.347500
10 1 2 4 1 8 0 51.054959 4.460257
20 0 2 2 0 1 0 51.030527 4.489625
8 0 1 1 3 4 0 51.023162 4.606328
10 1 0 0 1 0 0 51.220439 4.441721
5 0 0 0 0 1 0 51.225437 4.511388
8 0 0 1 0 0 0 51.101307 4.412074
10 0 0 0 0 0 0 51.211771 4.407661
8 1 0 2 2 2 0 51.396696 4.497402
12 0 0 4 2 6 0 51.252685 4.278888
8 0 0 0 0 1 0 51.203988 4.411443
10 0 0 0 0 0 0 51.209792 4.440496
8 0 0 0 0 1 0 51.240290 4.408396
8 1 0 0 0 1 0 51.200685 4.398456
12 0 1 3 0 0 0 51.208655 4.260725
6 0 0 0 0 0 0 51.234594 4.428888
10 0 0 0 0 0 0 51.223136 4.436443
8 0 0 0 0 0 0 51.216440 4.384437
16 0 0 2 1 2 0 51.151939 4.156101
8 1 0 2 0 0 0 51.357076 4.632323
5 0 0 1 0 2 0 51.241916 4.492156
6 0 1 1 3 1 0 51.283237 4.410737
12 0 0 2 0 0 0 51.231060 4.469183
9 1 0 0 0 2 0 51.172989 4.444577
6 0 0 1 1 0 0 51.182679 4.372192
10 1 0 0 0 2 0 51.193717 4.402389
9 1 0 5 1 5 0 51.194498 4.641757
4 0 0 0 0 0 0 51.188172 4.390985
10 0 0 0 0 0 0 51.225813 4.390795
10 0 0 0 0 0 0 51.215475 4.400635
6 1 0 0 0 1 0 51.198566 4.402755
8 0 0 0 0 0 0 51.220473 4.378699
8 1 0 0 0 1 0 51.243288 4.423703
6 0 0 0 0 4 0 51.223294 4.464108
8 0 0 0 1 0 0 51.201424 4.442068
9 0 2 3 2 6 0 51.218024 4.691210
10 0 0 0 0 0 0 51.205644 4.432176
12 0 1 2 0 1 0 51.060587 4.360328
6 1 0 0 0 1 0 51.224539 4.506354
10 0 0 0 1 1 0 51.194832 4.416650
6 0 0 0 1 2 0 51.174443 4.441296
6 0 0 0 0 0 0 51.377711 4.479760
10 0 0 0 1 1 0 51.230746 4.422966
16 0 0 2 0 0 0 51.262840 4.419017
5 0 0 0 0 0 0 51.194713 4.217047
12 0 0 0 0 0 0 51.211065 4.388459
6 0 0 0 0 0 0 51.227615 4.440089
10 1 0 0 0 0 0 51.218481 4.405389
6 1 1 0 0 1 0 51.035107 4.484394
6 1 0 0 0 1 0 51.206534 4.458613
10 0 0 0 0 0 0 51.225515 4.436411
8 0 0 0 0 0 0 51.020762 4.492766
8 0 0 2 0 4 0 51.217104 4.129155
12 0 0 0 0 0 0 51.214915 4.396144
10 1 0 1 0 0 0 51.217223 4.408999
4 1 0 0 0 0 0 51.192780 4.372736
9 0 1 4 2 3 0 51.188298 4.647883
9 0 0 2 1 4 0 51.028066 4.479462
9 0 0 1 0 0 0 51.283952 4.415915
8 0 0 2 0 0 0 51.350272 4.639053
8 0 0 1 0 0 0 51.212147 4.394024
10 0 0 0 0 0 0 51.196781 4.410601
10 0 0 0 0 0 0 51.218068 4.398008
7 1 0 0 0 0 0 51.304436 4.567917
8 0 0 0 0 0 0 51.216643 4.365767
10 1 0 0 0 0 0 51.216240 4.438266
10 0 0 0 0 0 0 51.215195 4.427459
8 0 0 1 0 1 0 51.382680 4.474910
12 1 0 0 0 1 0 51.213041 4.421130
6 1 0 1 1 2 0 51.113068 4.326947
16 0 0 0 1 0 0 51.183900 4.392000
10 0 0 0 0 0 0 51.203820 4.388497
8 0 0 2 0 3 0 51.061138 4.346703
8 0 0 0 2 1 0 51.248108 4.444220
12 1 0 1 0 0 0 51.177548 4.415880
10 0 0 0 0 0 0 51.223093 4.406103
8 0 0 3 0 1 0 51.210800 4.287500
9 0 2 3 2 2 0 51.197012 4.316422
12 0 0 3 1 3 0 51.323200 4.520506
10 1 0 0 0 0 0 51.226194 4.405018
8 1 1 1 2 1 0 51.160416 4.207174
12 0 1 5 4 6 0 51.332251 4.365062
8 0 1 1 3 0 0 51.279745 4.453340
5 1 0 0 0 0 0 51.028101 4.469837
10 0 0 0 0 0 0 51.234801 4.386563
8 0 0 1 0 2 0 51.228055 4.423065
6 1 0 1 0 2 0 51.196475 4.309472
8 0 0 0 1 1 0 51.176527 4.436311
4 1 0 0 0 0 0 51.210744 4.389973
6 0 0 1 0 0 0 51.255373 4.188618
10 0 0 0 1 0 0 51.222774 4.424087
6 0 1 0 0 0 0 51.114148 4.371914
12 1 0 0 0 0 0 51.225150 4.409169
10 0 0 0 0 1 0 51.224032 4.407191
20 1 0 0 0 2 0 51.198710 4.390673
6 1 0 0 0 0 0 51.219312 4.364271
5 0 0 0 0 0 0 51.213187 4.238453
8 0 0 0 0 0 0 51.206901 4.364372
15 0 1 6 0 3 0 51.192991 4.487050
8 0 0 0 0 1 0 51.212815 4.409435
9 0 1 4 0 3 0 51.213524 4.656733
9 0 0 1 0 0 0 51.279708 4.447414
9 0 1 0 2 3 0 51.279061 4.409734
10 1 0 0 0 2 0 51.210027 4.390989
10 0 0 1 0 0 0 51.172067 4.393396
12 0 2 2 1 3 0 51.013688 4.443016
6 0 1 1 2 2 0 51.272190 4.441545
8 1 0 0 1 0 0 51.255144 4.437728
9 0 3 1 3 1 0 51.284441 4.422886
8 0 0 0 0 0 0 51.217402 4.377915
8 0 0 1 0 3 0 51.136798 4.345076
6 1 0 0 0 0 0 51.185804 4.424332
4 0 0 0 0 0 0 51.232090 4.426910
8 0 1 0 0 0 0 51.311376 4.264530
12 1 0 4 1 2 0 51.271906 4.458615
6 0 0 0 1 0 0 51.124085 4.213335
10 0 0 0 0 0 0 51.198656 4.424422
20 1 0 0 0 0 0 51.222009 4.413310
7 0 0 4 1 5 0 51.174388 3.933266
8 0 0 5 1 5 0 51.213575 4.590109
12 0 0 4 1 7 0 51.126242 4.221439
4 1 0 0 0 0 0 51.171902 4.338450
8 0 0 1 0 0 0 51.161977 4.449758
9 0 3 1 0 3 0 51.293512 4.437661
8 0 0 3 0 2 0 51.210271 4.581487
7 0 0 2 1 1 0 51.465167 4.471870
8 1 0 1 0 0 0 51.282031 4.442130
4 0 0 1 0 3 0 51.254992 4.535799
6 0 0 0 0 1 0 51.224219 4.432100
8 0 1 0 2 0 0 51.400087 4.648984
8 1 0 2 2 6 0 51.357964 4.542294
10 1 0 0 0 0 0 51.223711 4.400036
12 0 0 5 1 5 0 51.066263 4.354734
10 0 0 3 1 3 0 51.201540 4.348871
10 1 0 0 0 0 0 51.207076 4.397461
12 0 1 1 0 0 0 51.300361 4.481758
7 0 0 1 0 3 0 51.287976 4.491194
12 0 4 1 5 1 0 51.008713 4.513641
10 0 0 0 0 1 0 51.206943 4.385830
8 0 1 3 1 2 0 51.219848 4.282222
15 0 1 2 1 0 0 51.034363 4.470859
10 0 1 2 2 3 0 51.050938 4.372766
6 0 0 0 0 0 0 51.230408 4.451170
8 0 0 0 0 0 0 51.212196 4.397330
8 0 1 4 1 5 0 51.432993 4.518031
8 1 0 0 0 0 0 51.388112 4.595797
6 0 0 0 0 1 0 51.188095 4.436830
8 0 0 0 0 0 0 51.219612 4.443908
8 1 0 0 2 0 0 51.022613 4.487578
6 1 0 1 0 1 0 51.078776 4.401053
10 0 2 2 3 1 0 51.108663 4.353203
8 0 1 0 2 2 0 51.045887 4.472359
8 0 0 0 1 0 0 51.019813 4.465922
6 0 1 1 1 1 0 51.146038 3.954237
6 0 0 0 0 1 0 51.138469 4.400226
8 0 0 1 0 0 0 51.462395 4.451875
8 0 0 0 2 0 0 51.253869 4.459866
8 0 1 2 1 2 0 51.130057 4.268485
8 0 1 1 2 2 0 51.040062 4.444391
6 0 0 0 0 0 0 51.207778 4.398341
25 0 1 1 0 0 0 51.016362 4.483984
10 0 0 2 0 4 0 51.093987 4.509109
8 1 0 1 0 2 0 50.997613 4.537578
10 0 1 3 0 1 0 51.213126 4.256156
8 1 0 0 0 0 0 51.002997 4.518178
8 0 1 1 1 2 0 51.080796 4.366648
10 1 0 0 0 0 0 51.233069 4.405265
10 0 0 0 0 0 0 51.203899 4.420789
7 0 1 2 1 0 0 51.181453 4.601807
5 0 0 0 0 0 0 50.981513 4.543547
10 1 0 1 0 1 0 51.128456 4.582461
16 0 0 2 2 1 0 51.107067 3.986160
8 1 0 3 1 3 0 51.143891 4.345562
8 0 0 0 0 0 0 51.218246 4.419167
9 0 0 1 1 0 0 51.277012 4.450924
10 0 0 0 0 1 0 51.196929 4.406384
8 0 1 2 2 3 0 51.369529 4.331280
10 0 0 0 0 0 0 51.226466 4.413794
8 0 1 0 2 1 0 51.070212 4.531672
10 0 0 0 0 0 0 51.216713 4.399376
8 0 0 2 2 2 0 51.010052 4.466213
8 0 0 0 1 2 0 51.046337 4.419891
8 0 1 2 0 0 0 51.126830 4.549822
8 0 0 1 0 4 0 51.115949 4.042492
5 0 0 1 1 0 0 51.277608 4.525615
8 0 1 0 1 0 0 51.060812 4.653828
8 0 0 0 0 0 0 51.255380 4.444643
10 0 0 0 0 0 0 51.205876 4.385983
6 0 0 1 0 3 0 51.198901 4.224452
10 0 0 0 0 1 0 51.216478 4.395167
6 1 0 0 0 2 0 51.280987 4.429588
6 1 0 0 1 0 0 51.281942 4.425178
6 0 0 1 0 2 0 51.268660 4.298241
7 0 2 1 3 0 0 51.398406 4.642449
9 0 0 2 1 2 0 51.224313 4.674297
6 0 0 3 1 1 0 51.256241 4.090219
9 1 1 3 1 5 0 51.326422 4.384437
12 1 0 0 0 1 0 51.229988 4.421004
8 1 0 1 0 1 0 51.233289 4.411016
6 0 0 0 0 0 0 51.223165 4.469224
6 0 0 0 1 0 0 51.274541 4.410591
8 0 0 2 1 2 0 51.181314 4.239223
12 1 0 0 0 0 0 51.055012 4.629297
8 0 1 0 2 0 0 51.134660 4.335115
10 0 0 0 0 0 0 51.230051 4.407695
8 0 0 0 0 0 0 51.213666 4.443826
6 0 0 0 0 0 0 51.163140 4.398436
8 1 1 4 2 2 0 51.027502 4.656581
12 0 3 0 3 0 0 51.077188 4.726859
6 0 1 1 1 3 0 51.052138 4.474672
4 1 0 1 0 0 0 51.186242 4.365394
5 1 0 0 0 1 0 51.217937 4.271953
8 0 0 0 0 0 0 51.009437 4.424359
8 0 0 0 0 0 0 51.223328 4.386241
6 0 1 0 2 1 0 51.115488 4.014703
6 0 0 1 2 1 0 51.260294 4.146962
7 1 0 1 0 1 0 51.214259 4.331016
6 0 0 0 0 0 0 51.251474 4.422984
