CS 531 107 14233 2626 1656 311 292 121 1380 1177
0 41.347997 2.119706
46 0 13 2 5 0 1 41.397978 2.180107
28 0 6 2 2 10 1 41.395488 2.177198
27 0 6 2 5 4 1 41.394156 2.181331
21 0 4 2 13 3 1 41.393317 2.181248
27 0 9 1 4 1 1 41.388885 2.183290
27 0 8 2 14 1 1 41.389135 2.183489
27 0 13 2 12 5 1 41.384546 2.184922
43 1 5 17 11 13 0 41.346775 2.143623
35 0 15 5 16 3 1 41.382398 2.194294
25 0 6 8 9 7 1 41.383365 2.194625
53 0 20 20 26 10 1 41.388143 2.195551
27 0 9 3 15 4 1 41.384844 2.185085
27 0 7 4 2 18 1 41.391612 2.168903
42 0 21 3 32 1 1 41.398261 2.186652
27 0 2 2 0 0 1 41.406059 2.174047
30 0 3 3 1 0 1 41.403149 2.170795
18 0 0 2 0 2 1 41.410314 2.175733
21 0 0 2 0 6 1 41.410844 2.174057
19 0 1 2 1 3 1 41.401697 2.175767
26 0 6 3 6 0 1 41.392466 2.171740
39 0 8 3 13 3 1 41.400578 2.178885
21 0 2 2 3 0 1 41.395404 2.168196
18 0 1 3 3 5 1 41.407169 2.182072
17 0 0 1 0 0 0 41.396752 2.164634
22 1 0 2 1 0 0 41.405514 2.170650
23 0 1 3 2 2 1 41.401061 2.169941
29 0 3 2 0 2 1 41.402181 2.182989
18 0 10 3 12 2 1 41.374800 2.188905
15 0 5 3 3 4 1 41.373691 2.188928
21 1 9 5 1 5 0 41.376860 2.190670
21 0 6 1 8 2 1 41.387108 2.175336
54 0 33 7 32 10 1 41.413483 2.220691
20 0 10 1 14 0 1 41.385062 2.176683
24 1 13 3 21 2 0 41.380624 2.182068
44 0 29 5 30 3 1 41.381046 2.186576
18 0 9 2 8 0 1 41.382335 2.187093
24 0 12 3 15 0 1 41.379326 2.189906
24 1 6 4 0 2 0 41.404511 2.189881
27 0 4 2 4 0 1 41.406386 2.187440
27 0 12 2 11 2 1 41.391466 2.189371
54 1 46 3 49 2 0 41.388607 2.192195
47 0 22 5 13 0 1 41.390219 2.190400
21 1 4 2 1 8 0 41.396065 2.187196
21 0 11 3 10 0 1 41.391076 2.196577
18 1 4 1 8 0 0 41.375115 2.170939
20 0 7 2 7 1 1 41.384263 2.169256
32 0 9 2 13 0 0 41.381708 2.177292
21 0 7 1 11 0 0 41.385086 2.174016
19 0 5 1 4 1 1 41.377532 2.170732
27 0 7 2 18 4 1 41.380195 2.174480
27 1 16 1 9 0 0 41.377071 2.175826
19 0 10 1 0 0 1 41.376326 2.176971
21 0 7 1 3 5 1 41.384576 2.166262
22 0 8 0 5 0 1 41.381382 2.168078
27 0 4 7 1 3 1 41.390262 2.164035
20 0 1 5 0 11 1 41.393520 2.166797
25 0 5 7 8 8 1 41.387235 2.168819
27 0 6 6 2 3 0 41.386543 2.169427
21 0 2 8 0 14 1 41.387493 2.169069
21 0 4 8 2 6 1 41.387696 2.169654
16 1 3 4 2 13 0 41.389322 2.167839
23 0 0 2 0 3 1 41.385286 2.145480
26 0 0 3 1 1 1 41.395389 2.157295
43 0 18 15 17 23 1 41.388507 2.195073
27 1 4 1 1 0 0 41.380393 2.160651
21 0 2 2 3 1 1 41.381946 2.162915
27 0 2 2 4 5 1 41.392777 2.158627
27 1 1 3 1 4 0 41.392135 2.156354
15 0 0 3 0 0 1 41.390009 2.143210
21 0 0 2 0 0 1 41.385004 2.142911
32 1 1 2 0 4 0 41.391767 2.153216
23 0 10 2 19 1 0 41.385564 2.177321
27 0 2 2 1 0 1 41.385647 2.163431
24 0 3 2 4 1 0 41.385503 2.163477
21 0 1 3 2 6 1 41.389668 2.159908
20 0 1 1 0 0 1 41.379072 2.149055
40 1 3 2 3 1 0 41.380318 2.154437
23 0 1 2 0 0 1 41.382166 2.152064
27 0 3 3 5 1 1 41.383030 2.157165
40 0 6 1 1 1 1 41.375185 2.159239
27 0 6 0 1 0 1 41.375575 2.162935
25 0 1 2 1 3 1 41.383222 2.147993
20 1 0 1 0 3 0 41.393614 2.150774
23 0 0 1 1 1 1 41.387190 2.149131
17 0 0 2 0 3 1 41.388296 2.150878
35 0 3 1 1 3 0 41.381250 2.159474
18 0 0 2 4 5 1 41.393886 2.160164
47 0 9 2 8 2 1 41.375791 2.149910
33 0 2 4 1 1 1 41.376395 2.147327
21 0 2 1 6 1 1 41.374109 2.148199
21 0 1 2 1 0 1 41.377961 2.145049
21 0 2 4 5 4 1 41.380607 2.140863
21 0 1 4 3 4 0 41.380822 2.141539
22 1 2 4 0 4 0 41.379363 2.143868
23 0 0 5 0 6 0 41.392878 2.143411
24 0 0 4 0 7 1 41.392567 2.142217
21 0 1 2 2 0 1 41.410098 2.188449
26 0 2 4 2 3 1 41.410801 2.187244
21 1 4 3 0 3 0 41.389492 2.174250
20 0 0 2 0 0 1 41.405520 2.162255
20 0 0 1 0 0 1 41.398230 2.153103
21 0 0 2 0 0 1 41.402208 2.164903
23 0 0 1 0 0 1 41.391261 2.147631
17 1 0 1 1 6 0 41.385258 2.155089
19 0 1 2 1 3 1 41.384753 2.154675
20 0 4 1 6 0 1 41.377672 2.157233
34 1 7 1 4 1 0 41.377311 2.164674
20 0 10 0 14 0 1 41.376735 2.174008
21 0 10 2 13 0 1 41.383597 2.184171
27 1 15 3 18 2 0 41.383837 2.191476
21 0 11 3 13 7 1 41.390605 2.197231
27 0 10 3 4 1 1 41.392120 2.187497
39 0 4 2 4 5 0 41.396717 2.182508
21 0 1 1 2 0 1 41.404706 2.176513
21 0 1 2 1 3 1 41.406453 2.178536
33 1 1 2 0 0 0 41.405446 2.166317
21 0 0 2 0 5 1 41.398818 2.166735
30 0 10 8 8 10 1 41.370248 2.187813
21 0 6 4 2 9 1 41.383475 2.194735
23 0 14 2 5 3 0 41.380628 2.182282
27 0 3 3 3 6 0 41.412068 2.190752
43 1 9 3 5 2 0 41.415841 2.195977
23 0 5 1 8 2 1 41.377046 2.161136
24 0 6 2 9 0 1 41.420014 2.201670
29 0 6 4 11 3 1 41.422791 2.206032
27 0 5 2 7 1 0 41.408480 2.192042
16 0 4 1 5 2 1 41.407501 2.193017
21 0 5 1 9 0 1 41.411302 2.198726
21 1 4 2 1 3 0 41.412045 2.197267
31 0 8 4 9 0 0 41.413930 2.201795
25 0 4 2 13 0 1 41.414580 2.200814
21 1 5 2 8 0 0 41.416793 2.205834
35 0 5 3 3 0 1 41.418400 2.205813
27 0 2 1 1 1 1 41.380877 2.155994
31 0 9 2 3 3 1 41.409020 2.195415
40 0 11 12 2 27 1 41.400379 2.192414
27 0 9 5 10 8 1 41.402791 2.195616
27 0 10 4 18 1 1 41.405627 2.197712
27 0 9 3 8 4 1 41.409340 2.202446
23 0 7 2 7 1 1 41.414898 2.207186
33 0 13 3 25 0 1 41.416043 2.212499
27 0 6 1 1 0 1 41.378347 2.163314
26 0 11 3 13 1 1 41.395868 2.192952
27 1 10 4 14 1 0 41.406591 2.203028
31 0 12 6 14 0 1 41.400347 2.196910
31 0 9 9 8 14 1 41.399333 2.197418
23 0 10 5 5 8 1 41.401869 2.200770
32 1 15 4 26 2 0 41.402628 2.201769
32 0 13 4 5 0 1 41.407014 2.207447
27 1 9 4 13 3 0 41.409135 2.208818
33 1 16 5 17 6 0 41.413232 2.217765
31 0 11 10 16 13 1 41.411663 2.218331
36 0 16 10 30 4 1 41.411082 2.216314
33 0 13 11 17 10 1 41.410976 2.219372
27 1 14 4 10 1 0 41.395301 2.196597
27 1 11 4 7 2 0 41.403856 2.208426
27 0 12 7 10 1 1 41.394211 2.200876
27 0 5 4 2 6 1 41.411838 2.177885
27 0 13 5 9 9 1 41.399217 2.204141
27 0 14 5 1 4 0 41.400831 2.206645
21 0 7 4 14 2 1 41.402335 2.210578
26 1 12 5 16 5 0 41.405370 2.213582
54 0 20 19 24 22 1 41.389664 2.199957
54 1 15 21 13 19 0 41.391988 2.203714
26 0 10 6 13 3 1 41.397900 2.208845
27 0 9 6 17 2 0 41.400654 2.210191
27 0 12 3 5 3 1 41.406529 2.209122
31 0 15 7 23 4 1 41.403216 2.213600
38 1 1 3 0 2 0 41.411075 2.180976
27 0 9 9 13 7 1 41.405365 2.216209
16 0 7 1 9 0 1 41.363520 2.136902
51 0 19 2 6 0 1 41.367557 2.138822
33 0 6 2 12 4 1 41.371366 2.143565
30 0 3 1 3 0 1 41.372368 2.141949
27 1 7 2 5 1 0 41.367544 2.134232
17 0 3 1 0 0 1 41.370372 2.138944
26 1 1 3 0 4 0 41.375550 2.143904
15 0 4 0 0 1 1 41.376881 2.169821
27 0 1 3 1 2 1 41.375695 2.135857
28 0 4 2 3 7 0 41.396984 2.166185
29 0 10 8 13 9 1 41.396141 2.207844
37 0 5 1 10 0 1 41.381951 2.147474
21 0 1 2 1 6 1 41.378636 2.133549
27 0 1 2 0 2 1 41.381298 2.128992
24 0 0 2 0 2 1 41.381200 2.132361
27 0 0 3 0 1 1 41.382137 2.135415
27 0 0 3 0 3 0 41.383261 2.139266
27 0 0 4 0 0 1 41.387158 2.141094
27 0 0 2 0 0 1 41.384711 2.133438
27 0 0 2 1 4 1 41.381974 2.126863
24 0 0 3 0 1 1 41.383904 2.131288
24 1 0 3 0 5 0 41.387806 2.134422
27 0 0 2 0 0 1 41.385447 2.128875
33 1 0 6 0 24 0 41.388707 2.128577
33 1 1 3 0 0 0 41.388036 2.125625
37 0 2 4 0 9 1 41.387941 2.130596
33 1 1 5 0 3 0 41.389794 2.132863
25 0 0 5 1 13 1 41.390848 2.136579
33 0 2 5 7 10 1 41.391520 2.139067
26 0 2 1 1 7 1 41.385742 2.161052
31 0 2 1 0 2 1 41.374524 2.142256
28 0 8 6 7 5 1 41.398754 2.190212
24 1 0 2 0 1 0 41.392235 2.130927
33 0 3 2 6 2 1 41.393582 2.134589
25 0 0 2 1 0 1 41.395203 2.133487
21 1 0 3 0 4 0 41.393938 2.138030
27 0 0 1 0 1 1 41.396782 2.144557
27 0 0 1 0 2 1 41.398573 2.144083
39 0 6 3 1 8 1 41.404036 2.183145
26 0 0 1 1 4 1 41.397616 2.147172
26 0 0 2 1 2 1 41.396098 2.151315
24 0 0 1 0 2 1 41.402539 2.152470
27 0 0 2 0 0 1 41.401330 2.157444
36 1 0 1 1 1 0 41.398344 2.159824
26 0 1 1 1 3 1 41.399997 2.164453
25 0 0 2 1 1 1 41.384810 2.150807
27 0 0 2 0 3 1 41.403561 2.160935
18 0 0 2 0 0 1 41.407846 2.158670
21 0 0 1 0 0 1 41.406842 2.155835
28 0 0 2 0 0 1 41.405097 2.156916
26 0 0 1 2 1 1 41.405936 2.151798
27 0 12 1 16 0 1 41.374500 2.173026
27 0 4 3 9 1 1 41.371969 2.166783
27 0 2 2 3 1 1 41.371532 2.162203
21 0 5 2 1 0 1 41.375177 2.165897
25 0 2 0 7 0 1 41.375116 2.152309
27 1 5 2 0 1 0 41.372743 2.153920
27 0 3 1 3 0 1 41.415881 2.190847
35 1 1 3 0 5 0 41.417292 2.184477
27 0 1 2 7 0 1 41.417560 2.187715
33 0 5 2 14 3 1 41.419178 2.180180
27 1 1 2 10 2 0 41.424453 2.177316
27 0 1 2 1 2 0 41.423972 2.181240
27 0 2 1 1 0 1 41.426925 2.178622
27 0 12 1 18 0 1 41.382665 2.171708
18 0 1 2 1 4 1 41.422845 2.186636
32 1 3 2 9 2 0 41.421929 2.184911
27 0 3 1 3 0 1 41.418213 2.190400
27 0 1 2 6 9 1 41.425083 2.187282
27 0 2 2 10 4 1 41.425825 2.191206
33 0 0 1 1 11 0 41.425364 2.185207
33 1 4 2 7 5 0 41.429899 2.193216
27 0 3 1 0 0 1 41.429861 2.192201
26 0 2 2 6 3 1 41.430000 2.190246
15 1 1 1 3 5 0 41.431500 2.185790
32 1 7 2 3 1 0 41.436125 2.189442
24 0 2 2 7 0 1 41.433934 2.189650
27 0 4 4 14 4 1 41.441987 2.192958
24 1 1 3 5 4 0 41.439117 2.185802
27 0 5 3 7 4 1 41.435690 2.192087
32 0 2 2 4 3 1 41.382131 2.160653
24 0 2 2 1 1 1 41.379095 2.151621
20 1 2 2 8 2 0 41.437877 2.191069
32 0 7 5 0 11 1 41.439929 2.197069
27 0 1 1 0 0 1 41.384774 2.159257
34 0 1 1 2 2 1 41.427591 2.183966
24 0 3 4 14 1 1 41.443365 2.190630
27 0 4 4 4 0 1 41.445720 2.192982
20 0 3 1 1 5 1 41.448152 2.192940
27 1 1 3 1 0 0 41.448633 2.189837
21 1 3 2 0 1 0 41.451370 2.192299
27 1 1 3 4 1 0 41.432501 2.184202
36 0 7 5 11 17 1 41.430413 2.183417
31 1 5 2 10 9 0 41.429920 2.184981
32 0 3 2 5 4 0 41.430680 2.182180
27 0 0 1 0 0 1 41.412135 2.165222
27 0 0 2 0 2 1 41.408211 2.168996
27 0 1 2 10 2 1 41.409884 2.171528
27 0 2 1 0 0 1 41.415900 2.174557
27 0 6 3 20 0 0 41.413866 2.177727
24 1 0 2 1 7 0 41.418079 2.176399
27 0 0 1 0 3 1 41.427551 2.165988
20 0 0 1 0 0 1 41.429723 2.161703
27 0 0 7 0 5 0 41.389462 2.131495
15 0 0 1 0 0 1 41.436671 2.186105
19 0 5 4 2 11 1 41.403022 2.191354
16 0 3 4 0 8 1 41.389063 2.167931
32 0 1 3 0 5 1 41.429644 2.174444
27 0 2 1 11 0 0 41.416698 2.190995
17 1 0 2 0 0 0 41.437338 2.174096
27 0 0 1 0 0 1 41.426078 2.175157
12 0 0 1 0 2 1 41.430016 2.172019
24 1 1 0 7 1 0 41.428313 2.162989
24 0 0 1 0 0 1 41.436347 2.170675
27 0 0 1 0 0 1 41.433384 2.171631
33 0 4 2 0 0 1 41.436489 2.184101
24 0 0 1 0 0 1 41.438822 2.176783
32 1 1 5 0 6 0 41.434723 2.181772
27 0 1 1 13 1 1 41.434085 2.174827
18 0 0 1 2 0 1 41.431584 2.176911
27 0 1 1 0 0 1 41.436687 2.169313
32 0 0 9 0 13 1 41.390635 2.111541
27 0 0 5 0 11 1 41.393432 2.115107
27 0 0 4 0 2 0 41.390380 2.121000
27 0 0 3 0 4 1 41.387530 2.123714
31 1 2 7 1 23 0 41.385387 2.122893
32 0 0 5 0 1 0 41.379199 2.113582
27 0 1 5 3 3 1 41.376840 2.114029
22 0 0 3 0 0 1 41.377020 2.116983
27 0 1 10 0 15 1 41.381211 2.119086
23 1 1 4 4 7 0 41.378563 2.120249
36 0 2 4 0 2 0 41.378906 2.123304
29 0 2 1 1 4 1 41.375419 2.129782
24 1 0 2 0 2 0 41.378307 2.129730
26 1 0 2 0 6 0 41.415628 2.181788
26 0 3 3 6 5 1 41.422401 2.198071
27 0 4 5 9 12 1 41.425663 2.200863
32 0 0 2 0 1 0 41.412427 2.170592
31 1 0 3 0 4 0 41.393741 2.145502
27 0 0 1 0 0 1 41.400305 2.149144
27 0 0 1 0 0 0 41.403153 2.144584
24 0 0 1 0 0 1 41.400900 2.138920
27 1 0 1 0 0 0 41.398162 2.138672
27 0 0 1 0 1 1 41.396946 2.136346
22 0 0 0 0 0 0 41.394960 2.130278
32 0 0 1 0 0 1 41.407413 2.138107
24 0 0 1 0 5 1 41.405007 2.134603
27 0 0 0 0 0 1 41.402988 2.134469
27 1 0 1 0 0 0 41.402997 2.128387
27 0 0 1 0 0 0 41.401883 2.131524
31 1 0 0 0 0 0 41.397050 2.127941
27 1 0 1 0 1 0 41.399898 2.128192
27 0 0 1 0 0 1 41.395472 2.125045
26 0 0 1 0 0 1 41.400793 2.122889
27 0 0 2 0 0 1 41.393535 2.123123
23 0 0 1 0 0 1 41.394877 2.120539
23 0 0 1 2 2 1 41.398624 2.120494
36 1 0 1 0 0 0 41.397723 2.119456
27 0 15 4 12 1 1 41.401708 2.205380
24 0 10 1 1 5 1 41.436178 2.204704
27 0 10 3 12 1 1 41.433921 2.206224
31 0 7 5 1 3 1 41.403497 2.193658
27 0 7 5 14 1 1 41.438961 2.199618
27 0 5 6 8 8 1 41.443144 2.199604
32 0 14 5 2 1 1 41.363107 2.139832
35 0 17 5 16 0 1 41.360798 2.138931
32 0 14 6 14 6 1 41.359548 2.141777
33 0 10 9 1 4 0 41.357067 2.141563
31 0 0 2 0 1 1 41.391756 2.148291
33 0 12 5 7 0 1 41.362123 2.135619
28 0 8 4 7 3 1 41.363279 2.134159
31 0 3 5 0 1 1 41.375410 2.123255
27 0 1 2 0 0 1 41.375942 2.129954
27 0 2 2 2 0 1 41.371459 2.127854
35 0 0 2 0 1 1 41.413450 2.163101
27 0 0 1 0 0 1 41.410596 2.157990
26 1 8 3 11 6 0 41.387244 2.179304
26 0 7 2 16 2 1 41.390054 2.177559
30 0 8 2 4 0 1 41.395253 2.173002
32 0 16 2 16 1 1 41.376520 2.178810
32 0 5 2 2 0 1 41.396994 2.170632
24 0 5 3 1 0 1 41.390838 2.174374
33 0 5 9 5 22 1 41.393062 2.163323
31 0 1 2 0 3 1 41.387571 2.146934
31 0 1 3 14 6 1 41.384972 2.137621
27 0 2 1 1 2 1 41.396839 2.175660
27 1 5 3 14 4 0 41.400130 2.178018
32 0 3 4 1 0 1 41.403970 2.172906
36 0 10 3 24 2 1 41.404052 2.181199
27 0 6 1 15 4 1 41.400101 2.184171
30 1 6 2 11 0 0 41.375099 2.161390
33 0 3 2 0 22 1 41.394973 2.161281
39 1 11 11 5 5 0 41.372029 2.180447
39 0 7 13 19 3 1 41.371873 2.180302
29 0 13 6 4 24 1 41.377629 2.183689
21 0 11 1 17 1 0 41.378538 2.176743
20 0 0 2 0 2 1 41.382933 2.142070
24 0 9 2 9 5 1 41.385409 2.174015
40 0 13 1 10 0 1 41.381636 2.167729
27 0 11 4 18 0 1 41.403890 2.204114
24 0 2 4 3 10 0 41.381219 2.141767
25 0 1 1 3 1 1 41.380707 2.146838
30 0 1 3 1 7 1 41.387888 2.155290
18 1 1 1 2 0 0 41.375187 2.156877
32 0 4 2 0 3 1 41.395781 2.178707
35 1 4 1 3 2 0 41.380641 2.167161
27 1 10 3 15 6 0 41.387390 2.187545
25 0 10 2 14 4 1 41.386961 2.182017
27 0 4 2 14 3 1 41.423055 2.191375
19 0 11 2 16 0 1 41.390530 2.190634
31 0 15 3 12 0 1 41.402266 2.197630
26 1 5 2 2 1 0 41.387306 2.163126
33 0 8 5 11 11 1 41.386061 2.170247
32 0 12 10 21 7 1 41.389025 2.196827
27 0 9 11 8 14 1 41.388913 2.199311
35 1 19 5 23 1 0 41.380955 2.193464
27 0 1 2 0 0 1 41.373471 2.133269
44 0 10 23 5 31 1 41.369451 2.187960
24 0 11 2 7 4 1 41.382418 2.183723
31 0 17 2 14 0 0 41.380628 2.182192
22 0 1 2 0 0 1 41.379642 2.136820
32 0 12 2 4 0 1 41.365343 2.133136
26 0 0 1 0 1 1 41.385400 2.152180
33 1 8 2 6 0 0 41.386375 2.164670
39 0 20 8 31 4 1 41.388997 2.192328
26 0 13 3 21 0 1 41.392384 2.192506
38 0 21 5 31 1 1 41.376433 2.178710
24 0 8 4 8 3 1 41.411381 2.212205
27 0 6 4 3 4 0 41.389309 2.172746
32 0 9 3 11 1 1 41.393489 2.170742
33 0 5 3 11 6 1 41.393723 2.176427
25 0 5 1 6 1 1 41.379356 2.168959
26 1 4 0 0 0 0 41.378107 2.169674
32 0 6 2 7 0 0 41.416482 2.180109
27 1 6 2 1 0 0 41.391062 2.180114
33 0 10 3 7 3 1 41.391313 2.180839
27 0 3 2 6 4 1 41.374333 2.147938
25 0 1 4 0 1 1 41.378118 2.137867
28 0 0 7 1 15 1 41.388117 2.115413
32 0 3 3 7 3 1 41.420246 2.189485
27 0 13 3 12 3 1 41.379586 2.192520
24 0 13 0 13 0 0 41.376562 2.174862
33 0 4 1 2 3 1 41.398280 2.183031
26 1 7 1 5 3 0 41.375405 2.168002
33 0 13 8 10 13 1 41.398390 2.196080
28 0 0 4 0 2 1 41.388126 2.109154
27 0 0 6 0 2 1 41.385641 2.113096
20 0 0 2 1 0 1 41.383467 2.122175
28 0 0 5 0 13 1 41.384706 2.117075
42 0 0 8 1 19 1 41.386226 2.116861
27 0 0 2 0 2 1 41.376754 2.126915
28 1 1 8 2 11 0 41.383585 2.112186
19 1 5 5 9 2 0 41.354543 2.143304
36 0 12 10 11 12 1 41.351324 2.145096
27 1 1 3 0 1 0 41.398167 2.175490
17 0 5 2 7 1 1 41.368539 2.132840
27 0 6 2 11 0 1 41.417694 2.197686
18 1 1 1 0 0 0 41.375443 2.139841
18 0 6 2 0 0 1 41.364927 2.138599
32 1 2 2 7 1 0 41.388713 2.154228
27 0 1 2 2 0 1 41.371730 2.155405
24 1 2 1 0 0 0 41.375502 2.154004
14 0 7 2 4 0 1 41.377997 2.188423
27 1 7 3 3 4 0 41.394303 2.186026
27 1 13 5 1 9 0 41.397281 2.199787
27 0 9 4 10 8 1 41.405811 2.194946
27 0 7 4 0 10 1 41.410712 2.206169
24 0 7 5 9 6 1 41.414060 2.215049
54 0 18 4 7 0 1 41.419497 2.209340
26 0 0 1 0 2 0 41.407235 2.168480
22 1 1 3 0 5 0 41.410585 2.182683
20 0 1 2 3 1 0 41.414339 2.187454
18 1 7 2 14 0 0 41.438312 2.203982
24 0 5 4 10 7 0 41.445796 2.201042
39 0 6 6 11 8 0 41.447940 2.197676
15 0 0 0 0 0 0 41.451386 2.189472
28 0 1 2 2 1 0 41.442489 2.185727
28 1 1 1 0 0 0 41.446923 2.184857
24 0 0 1 0 5 0 41.449068 2.183380
24 0 0 2 1 1 0 41.439692 2.182335
27 0 1 2 0 0 0 41.395409 2.159943
30 0 2 1 0 1 0 41.443387 2.181305
20 0 0 1 0 0 0 41.445046 2.176726
18 0 0 0 0 1 0 41.448046 2.177515
12 0 0 1 0 0 0 41.441700 2.178155
24 0 1 1 4 1 0 41.443276 2.174624
24 0 0 1 3 0 0 41.438901 2.171558
23 0 0 1 0 0 0 41.442737 2.170393
21 0 0 1 0 0 0 41.438864 2.165751
24 0 0 1 0 1 0 41.441860 2.166422
19 1 0 1 3 3 0 41.421674 2.179988
18 1 0 1 0 2 0 41.422037 2.174401
26 0 1 1 4 4 0 41.426075 2.172253
30 0 2 2 13 0 0 41.427608 2.169758
18 0 0 1 0 0 0 41.430623 2.167107
28 0 1 1 0 3 0 41.433326 2.162926
27 1 1 1 0 3 0 41.435798 2.163872
22 0 3 1 11 0 0 41.437202 2.162024
27 1 0 0 0 2 0 41.434600 2.158527
27 0 0 1 2 5 0 41.437490 2.156574
28 1 1 1 1 1 0 41.430610 2.156455
27 0 0 1 1 0 0 41.426764 2.152191
27 0 0 1 7 2 0 41.434786 2.147904
27 0 1 1 0 2 0 41.431233 2.149910
49 0 2 2 4 0 0 41.428067 2.144378
27 0 0 0 0 1 0 41.430669 2.145645
23 0 3 2 3 1 0 41.394345 2.175171
24 0 0 0 0 1 0 41.419965 2.140182
24 0 4 8 1 9 0 41.389697 2.165220
21 0 1 1 2 1 0 41.377846 2.150523
18 1 0 1 0 0 0 41.404862 2.174799
27 0 0 1 0 2 0 41.409549 2.136031
26 0 0 0 0 0 0 41.414497 2.140243
27 0 0 1 0 0 0 41.416056 2.142150
23 0 0 1 0 2 0 41.411763 2.145342
16 0 0 1 0 0 0 41.405270 2.142020
19 0 0 1 0 0 0 41.407444 2.149207
30 0 0 1 0 0 0 41.409593 2.152495
28 0 0 0 0 0 0 41.409233 2.155775
27 1 0 0 0 0 0 41.414561 2.165868
15 0 0 1 0 0 0 41.419196 2.171850
23 0 0 1 0 1 0 41.410764 2.164096
27 0 0 1 0 1 0 41.409092 2.165638
32 0 0 1 0 6 0 41.398971 2.160674
27 1 0 2 0 1 0 41.398915 2.156425
20 0 0 1 0 1 0 41.400686 2.154332
27 0 0 1 0 2 0 41.400078 2.132691
28 0 0 1 0 0 0 41.399017 2.124329
18 0 2 3 1 0 0 41.409507 2.188506
24 0 3 4 1 4 0 41.435207 2.194800
21 0 5 4 9 6 0 41.435460 2.200157
20 0 2 6 2 13 0 41.462095 2.178959
27 0 0 0 0 0 0 41.424689 2.157049
24 1 0 1 0 2 0 41.424655 2.166289
28 0 2 5 0 8 0 41.368386 2.164504
36 0 5 6 16 1 0 41.361973 2.154322
40 0 0 7 0 0 0 41.365360 2.147610
24 0 0 3 0 0 0 41.366315 2.152206
16 1 0 1 0 4 0 41.372175 2.160215
20 0 4 1 1 0 0 41.369348 2.142601
28 1 1 6 1 3 0 41.361416 2.147617
24 1 0 2 0 0 0 41.370490 2.148729
23 0 0 1 0 0 0 41.389970 2.157720
32 1 0 0 0 0 0 41.400512 2.151816
24 0 0 1 0 1 0 41.390075 2.126496
28 0 15 0 25 0 0 41.374434 2.174861
27 0 4 5 4 6 0 41.432149 2.205490
23 0 10 5 11 1 0 41.398160 2.200850
0 0 0 0 0 0 0 41.413466 2.135205
28 0 0 1 0 0 0 41.410472 2.131204
28 0 1 1 0 0 0 41.426778 2.138417
31 0 0 1 0 0 0 41.425061 2.141172
16 0 0 1 0 0 0 41.394576 2.169295
23 0 2 2 1 6 0 41.392640 2.169647
23 0 0 1 0 0 0 41.395821 2.167280
23 0 0 1 2 10 0 41.395098 2.166693
24 0 2 5 10 10 0 41.391870 2.162020
20 0 0 1 0 0 0 41.408114 2.176757
28 0 0 1 0 2 0 41.407947 2.174860
24 1 6 5 6 5 0 41.398459 2.193728
