SW 553 0 9770 4748 518 90 598 380 2028 474
0 42.351700 -71.040500
27 0 3 0 4 0 1 42.369840 -71.076079
15 0 8 0 12 1 1 42.307910 -71.080952
19 0 7 1 3 2 1 42.280728 -71.134238
11 0 4 0 4 0 1 42.523994 -70.896840
15 0 10 1 7 1 1 42.348953 -71.160317
23 0 14 0 8 0 1 42.310579 -71.107341
11 0 3 0 0 0 1 42.357119 -71.186045
11 0 6 0 10 0 1 42.353890 -71.199437
15 0 7 0 7 0 1 42.393293 -71.072448
11 0 4 0 4 0 0 42.421361 -71.117556
31 0 10 1 6 0 1 42.355335 -71.058229
23 0 8 0 10 0 1 42.371848 -71.060292
19 0 6 0 8 1 1 42.379011 -71.119945
23 0 14 0 17 1 1 42.383639 -71.108537
19 0 8 0 9 0 1 42.344137 -71.052608
15 0 4 0 0 0 1 42.363076 -71.082321
19 0 7 0 15 0 1 42.272654 -71.119904
19 0 7 0 16 0 1 42.387995 -71.119084
15 0 3 0 12 0 1 42.363565 -71.100442
19 0 11 0 8 2 1 42.381651 -71.134270
39 0 16 0 21 0 1 42.356052 -71.069849
19 0 6 1 7 0 1 42.348074 -71.076570
19 0 8 0 16 1 1 42.344792 -71.044024
19 0 7 1 10 0 1 42.354659 -71.053181
15 0 5 0 6 0 1 42.361257 -71.065287
19 0 8 1 3 2 1 42.395588 -71.142606
15 0 7 0 3 0 1 42.412505 -71.058422
18 0 3 0 1 0 1 42.360703 -71.055249
16 0 11 1 12 4 0 42.294583 -71.087111
19 0 13 0 16 1 1 42.291180 -71.117737
15 0 8 0 12 1 1 42.325333 -71.075354
14 0 8 0 6 0 1 42.407381 -71.055356
15 0 8 0 12 0 1 42.256838 -71.122509
16 0 8 0 12 0 1 42.324173 -71.101960
11 0 5 0 6 0 1 42.434365 -71.094755
16 0 7 0 4 1 1 42.319309 -71.096399
19 0 10 0 12 2 1 42.332482 -71.054241
15 0 8 0 9 0 1 42.364263 -71.118276
20 0 9 0 3 0 1 42.379160 -71.057863
23 0 5 0 5 1 1 42.348717 -71.085954
19 0 5 0 0 0 1 42.350961 -71.077828
11 0 5 0 0 0 1 42.520897 -70.910528
24 0 11 0 19 5 0 42.330231 -71.050601
15 0 7 0 8 0 0 42.367741 -71.033360
19 0 11 0 11 0 0 42.384452 -71.075149
16 0 10 0 6 0 1 42.379295 -71.027733
15 0 9 0 13 2 0 42.385676 -71.114121
15 0 8 0 2 0 1 42.334204 -71.087676
15 0 6 0 10 1 1 42.299165 -71.073459
11 0 6 1 3 0 1 42.411709 -71.110444
19 0 9 0 18 0 1 42.380669 -71.039073
19 0 8 0 4 0 1 42.363713 -71.124598
23 0 6 0 14 0 1 42.359860 -71.051601
25 0 10 2 3 0 1 42.337417 -71.102861
12 0 6 1 9 3 0 42.418007 -71.096572
19 0 7 0 10 0 1 42.392397 -71.150583
27 0 12 1 2 1 1 42.358100 -71.093198
19 0 8 0 14 0 1 42.338488 -71.092611
19 0 10 0 15 0 1 42.372077 -71.089954
13 0 5 0 12 1 0 42.401365 -71.136558
19 0 3 0 0 0 1 42.361846 -71.082010
11 0 5 0 6 1 1 42.409942 -71.140093
9 0 3 0 0 0 1 42.520136 -70.906271
11 0 7 0 11 0 0 42.354104 -71.213822
11 0 3 0 3 0 1 42.529900 -70.906143
15 0 4 0 0 0 1 42.376369 -71.114025
19 0 7 0 3 0 1 42.365507 -71.080138
15 0 4 0 9 0 1 42.348100 -71.037640
19 0 6 0 11 0 1 42.370982 -71.076638
15 0 8 0 6 2 1 42.292666 -71.121195
11 0 6 0 4 0 1 42.409354 -71.149065
19 0 5 0 0 0 1 42.366420 -71.088542
15 0 6 0 12 0 1 42.373312 -71.041020
11 0 5 0 3 0 1 42.518368 -70.889524
15 0 5 0 5 0 1 42.344041 -71.057376
20 0 8 0 12 0 1 42.375909 -71.035985
19 0 6 0 6 0 1 42.379610 -71.086437
15 0 6 1 11 3 1 42.404490 -71.123413
11 0 5 1 6 2 1 42.428086 -71.126360
19 0 6 0 11 0 1 42.262867 -71.121631
19 0 6 0 3 0 1 42.348804 -71.082369
19 0 6 0 4 1 1 42.348810 -71.041677
20 0 5 1 2 0 1 42.353528 -71.056222
15 0 9 1 10 3 1 42.317860 -71.077986
12 0 5 1 7 0 0 42.345865 -71.141902
15 0 5 0 7 0 1 42.383533 -71.016191
17 0 9 0 14 0 1 42.382678 -71.143479
19 0 8 0 9 0 1 42.382944 -71.124498
11 0 5 0 7 0 1 42.407157 -70.992724
19 0 10 1 11 3 1 42.391898 -71.097454
11 0 4 0 5 0 1 42.364664 -71.175694
11 0 6 1 5 5 1 42.417591 -71.126081
19 0 11 0 18 1 0 42.380078 -71.090098
15 0 4 0 2 0 1 42.366929 -71.076512
18 0 4 0 10 0 1 42.351146 -71.066289
23 0 15 0 22 0 1 42.331184 -71.095171
19 0 9 0 17 0 1 42.377022 -71.056605
15 0 5 0 8 0 0 42.374339 -71.119664
19 0 9 3 11 7 1 42.395172 -71.098506
19 0 7 0 1 0 1 42.378338 -71.048927
19 0 10 1 8 2 1 42.292917 -71.065750
19 0 4 0 1 0 1 42.349589 -71.079468
15 0 6 0 14 1 0 42.335741 -71.038770
15 0 9 0 11 0 0 42.501824 -70.894781
15 0 11 1 12 3 0 42.326599 -71.066498
27 0 9 1 6 0 0 42.352946 -71.056564
19 0 10 0 11 0 0 42.332863 -71.092189
19 0 11 0 5 0 0 42.362890 -71.191270
18 0 8 0 12 3 0 42.364475 -71.128408
11 0 5 0 3 0 0 42.364280 -71.185730
12 0 5 1 8 4 0 42.398418 -71.023909
19 0 8 0 10 2 0 42.338432 -71.081690
24 0 8 0 2 0 0 42.363580 -71.063721
20 0 6 0 12 0 0 42.346647 -71.066049
19 0 12 1 9 0 0 42.309819 -71.060199
16 0 4 0 3 0 0 42.350778 -71.066694
11 0 6 1 9 2 0 42.423331 -71.091245
20 0 9 0 14 0 0 42.373600 -71.058430
19 0 8 1 13 6 0 42.307852 -71.065122
11 0 4 0 9 2 0 42.400168 -71.144570
23 0 11 1 17 6 0 42.389456 -71.139019
19 0 11 1 8 0 0 42.397828 -71.130516
16 0 8 0 11 5 0 42.387628 -71.083187
15 0 9 0 12 2 0 42.349600 -71.226275
19 0 3 0 1 0 0 42.363693 -71.087567
23 0 12 0 15 0 0 42.390821 -71.143946
11 0 6 0 1 0 0 42.520096 -70.891390
15 0 4 0 4 3 0 42.303215 -71.078210
19 0 5 0 2 0 0 42.391658 -71.080351
23 0 7 1 1 0 0 42.362242 -71.083111
15 0 3 0 11 2 0 42.347406 -71.086784
15 0 7 1 8 1 0 42.396484 -71.065468
27 0 4 0 0 0 0 42.360542 -71.086698
19 0 11 0 16 1 0 42.316966 -71.104374
15 0 7 0 3 0 0 42.330062 -71.206684
39 0 14 1 14 0 0 42.347763 -71.045360
11 0 4 0 3 0 0 42.404170 -71.146904
19 0 7 0 11 0 0 42.359573 -71.101295
19 0 11 0 11 2 0 42.297041 -71.091719
15 0 6 1 13 2 0 42.322066 -71.206373
17 0 12 0 8 0 0 42.288870 -71.095003
15 0 10 0 13 1 0 42.333765 -71.120464
19 0 13 1 14 0 0 42.374932 -71.135304
19 0 11 0 13 0 0 42.382404 -71.030243
15 0 7 0 0 0 0 42.362540 -71.067059
10 0 5 1 7 1 0 42.317873 -71.082431
19 0 11 1 14 3 0 42.336399 -71.073067
19 0 12 0 8 0 0 42.303674 -71.054260
15 0 9 0 11 0 0 42.344352 -71.124904
19 0 14 1 18 1 0 42.285930 -71.147221
35 0 8 0 3 0 0 42.362131 -71.091156
18 0 6 0 12 0 0 42.333293 -71.101246
14 0 5 0 10 0 0 42.337586 -71.096271
15 0 9 0 4 1 0 42.285694 -71.064139
15 0 6 0 4 0 0 42.400877 -71.116772
11 0 4 0 4 2 0 42.304128 -71.079295
19 0 4 0 5 0 0 42.359086 -71.059710
17 0 5 0 15 1 0 42.335959 -71.046229
33 0 10 0 14 0 0 42.368844 -71.039778
20 0 9 0 12 8 0 42.381751 -71.083952
19 0 11 0 15 0 0 42.361780 -71.108100
19 0 11 0 16 0 0 42.357651 -71.128513
17 0 6 1 12 5 0 42.390413 -71.108571
11 0 5 0 10 0 0 42.518035 -70.895701
11 0 5 0 0 0 0 42.350406 -71.108279
19 0 11 0 17 0 0 42.369061 -71.079999
24 0 8 0 21 0 0 42.364739 -71.059349
23 0 11 0 10 0 0 42.380045 -71.073046
19 0 11 2 7 3 0 42.286332 -71.153448
14 0 4 0 9 0 0 42.340835 -71.081620
15 0 5 0 9 0 0 42.374878 -71.063835
19 0 7 0 13 2 0 42.351911 -71.123798
19 0 7 0 7 0 0 42.370578 -71.035585
11 0 6 1 5 1 0 42.397608 -70.993072
15 0 8 1 5 0 0 42.351586 -71.045693
22 0 12 0 16 6 0 42.391210 -71.122608
9 0 4 0 6 0 0 42.522371 -70.890333
16 0 2 0 2 1 0 42.358478 -71.061351
23 0 6 0 0 0 0 42.362428 -71.084955
23 0 10 1 4 2 0 42.369885 -71.069957
26 0 10 0 18 7 0 42.378754 -71.107072
11 0 6 1 8 1 0 42.407216 -71.096515
11 0 6 1 8 2 0 42.420647 -71.133483
15 0 8 0 8 0 0 42.318697 -71.069781
16 0 5 0 8 2 0 42.347520 -71.088012
15 0 6 0 4 3 0 42.365260 -71.185733
11 0 6 0 6 0 0 42.402889 -70.989972
19 0 13 1 10 0 0 42.332744 -71.116267
19 0 8 0 11 1 0 42.375460 -71.091217
27 0 8 0 2 0 0 42.345901 -71.063187
19 0 12 0 5 0 0 42.392766 -71.129042
11 0 1 0 0 0 0 42.433590 -71.046279
19 0 9 0 16 0 0 42.368170 -71.056847
16 0 5 0 8 0 0 42.363708 -71.057493
12 0 6 0 4 0 0 42.372076 -71.156831
19 0 5 1 6 6 0 42.393018 -71.080717
11 0 6 0 3 0 0 42.393196 -71.033446
11 0 5 1 4 1 0 42.429338 -71.051913
15 0 8 0 8 0 0 42.341575 -71.068904
19 0 10 0 6 0 0 42.336448 -71.023739
19 0 11 0 9 0 0 42.333586 -71.075188
23 0 8 0 16 5 0 42.339109 -71.051443
19 0 6 0 0 0 0 42.339194 -71.069750
27 0 11 0 16 2 0 42.338515 -71.074041
15 0 11 0 6 1 0 42.267902 -71.093641
15 0 5 0 9 2 0 42.341332 -71.076847
15 0 3 0 5 0 0 42.354979 -71.063348
19 0 8 0 12 0 0 42.252287 -71.118358
40 0 19 0 17 0 0 42.300923 -71.114249
19 0 4 0 8 1 0 42.350827 -71.089811
15 0 6 1 8 3 0 42.286213 -71.079429
19 0 4 0 4 0 0 42.335846 -71.080382
15 0 6 1 10 3 0 42.329463 -71.090158
17 0 8 0 14 2 0 42.364119 -71.028768
12 0 7 0 5 0 0 42.365149 -71.202360
19 0 9 0 8 1 0 42.372509 -71.113054
19 0 9 0 13 0 0 42.380287 -71.125107
11 0 5 0 6 0 0 42.401697 -71.106128
19 0 4 0 0 0 0 42.366447 -71.076546
19 0 7 0 18 1 0 42.343666 -71.085824
35 0 9 0 2 0 0 42.359825 -71.059796
14 0 5 0 8 5 0 42.506395 -70.886930
15 0 10 0 9 0 0 42.344149 -71.114674
14 0 4 1 6 0 0 42.410347 -71.052605
31 0 11 0 21 1 0 42.363871 -71.050877
19 0 7 0 16 1 0 42.377636 -71.085954
19 0 8 0 1 1 0 42.366277 -71.091690
18 0 10 0 17 0 0 42.322931 -71.100141
12 0 6 1 8 4 0 42.407410 -71.013900
15 0 6 1 8 1 0 42.420349 -71.044198
11 0 6 0 8 0 0 42.423860 -71.067793
19 0 3 0 1 1 0 42.356683 -71.061666
15 0 7 0 10 1 0 42.348055 -71.247759
15 0 8 1 10 4 0 42.270947 -71.073379
31 0 12 0 12 2 0 42.352095 -71.070220
20 0 8 0 8 0 0 42.374016 -71.063314
18 0 12 0 15 1 0 42.286012 -71.090986
15 0 8 0 12 0 0 42.334629 -71.104079
11 0 6 1 0 0 0 42.426541 -71.073179
19 0 7 0 9 0 0 42.367690 -71.071163
19 0 10 0 12 0 0 42.397783 -71.105940
19 0 5 0 3 0 0 42.358155 -71.052163
13 0 5 0 11 2 0 42.407261 -71.143821
19 0 7 0 2 0 0 42.352409 -71.062679
15 0 8 0 14 1 0 42.391084 -71.090394
14 0 5 0 11 3 0 42.415327 -71.052818
15 0 9 0 8 0 0 42.313580 -71.114050
20 0 10 1 15 5 0 42.388316 -71.110682
19 0 10 0 7 0 0 42.377309 -71.094428
19 0 12 0 12 0 0 42.277195 -71.069556
27 0 9 0 7 0 0 42.393600 -71.143941
23 0 12 1 11 1 0 42.333400 -71.024950
15 0 7 0 14 1 0 42.340122 -71.120706
15 0 6 0 7 0 0 42.349220 -71.095751
20 0 10 0 18 2 0 42.352838 -71.129675
19 0 6 0 8 0 0 42.351356 -71.059367
11 0 6 1 10 1 0 42.403369 -71.047314
23 0 11 0 14 0 0 42.371977 -71.072005
18 0 6 0 5 0 0 42.346101 -71.029200
16 0 7 0 2 0 0 42.369536 -71.039431
19 0 9 0 2 2 0 42.320394 -71.053554
25 0 12 1 3 1 0 42.336610 -71.110047
11 0 4 0 4 3 0 42.394541 -71.030828
37 0 16 0 32 0 0 42.365673 -71.064263
15 0 5 0 6 0 0 42.345733 -71.100694
25 0 12 0 21 0 0 42.374267 -71.100265
15 0 7 0 13 0 0 42.317275 -71.065370
19 0 9 1 1 0 0 42.367220 -71.089030
15 0 6 0 9 3 0 42.392233 -71.077466
15 0 4 0 1 0 0 42.365445 -71.082771
19 0 6 0 12 1 0 42.385181 -71.015137
25 0 6 1 7 1 0 42.358920 -71.057629
11 0 4 0 3 0 0 42.336236 -71.193442
16 0 5 0 14 0 0 42.345144 -71.036453
19 0 6 0 14 0 0 42.345216 -71.063840
16 0 6 0 15 1 0 42.400880 -71.125908
17 0 10 1 13 4 0 42.388966 -71.132788
17 0 5 0 2 1 0 42.290333 -71.071806
19 0 8 0 17 0 0 42.345392 -71.069616
17 0 7 0 15 2 0 42.372969 -71.094445
15 0 8 0 11 0 0 42.347241 -71.105301
15 0 4 0 3 2 0 42.357143 -71.050699
15 0 8 0 11 0 0 42.366621 -71.114214
16 0 9 0 11 2 0 42.361559 -71.145060
15 0 9 0 8 1 0 42.324645 -71.121352
19 0 11 0 14 0 0 42.332817 -71.081198
16 0 8 1 3 2 0 42.255600 -71.124440
53 0 33 0 34 0 0 42.355601 -71.103945
14 0 6 0 7 2 0 42.408156 -71.042900
19 0 11 0 14 5 0 42.365724 -71.135393
15 0 9 1 10 4 0 42.291718 -71.062571
20 0 4 0 9 0 0 42.350667 -71.068306
19 0 8 0 3 0 0 42.312189 -71.036486
11 0 6 0 5 4 0 42.408088 -71.008942
15 0 7 0 3 0 0 42.365011 -71.035286
19 0 2 0 0 0 0 42.363045 -71.082871
15 0 4 0 13 1 0 42.344651 -71.097325
19 0 12 0 18 0 0 42.306046 -71.115709
19 0 15 0 16 2 0 42.274621 -71.093726
11 0 6 0 7 0 0 42.416491 -71.148134
15 0 8 1 5 2 0 42.353178 -71.048174
11 0 4 0 6 2 0 42.511428 -70.891833
19 0 10 0 11 0 0 42.386141 -71.078281
11 0 4 0 4 2 0 42.355743 -71.186419
11 0 5 0 4 2 0 42.425178 -71.110386
19 0 6 1 0 0 0 42.350210 -71.044670
19 0 4 1 1 0 0 42.362500 -71.088220
11 0 4 0 4 3 0 42.528101 -70.889711
14 0 5 1 10 3 0 42.303469 -71.085347
17 0 9 0 7 0 0 42.385224 -71.010631
11 0 7 1 4 2 0 42.418603 -71.157536
15 0 6 0 2 0 0 42.340020 -71.090688
19 0 6 1 16 1 0 42.380788 -71.154129
15 0 9 0 12 0 0 42.309054 -71.115430
11 0 5 1 8 2 0 42.329607 -71.193701
11 0 4 0 5 0 0 42.503332 -70.891444
17 0 4 0 0 0 0 42.377945 -71.116865
17 0 9 1 13 3 0 42.387175 -71.087144
15 0 6 0 12 1 0 42.394072 -71.111337
11 0 7 0 5 2 0 42.441956 -71.014680
25 0 13 1 14 0 0 42.375002 -71.148716
19 0 6 0 10 2 0 42.424981 -71.098973
15 0 9 1 11 0 0 42.278812 -71.116877
32 0 11 0 26 0 0 42.365858 -71.064157
19 0 10 0 3 1 0 42.360793 -71.071190
15 0 7 0 3 0 0 42.338267 -71.138947
24 0 14 1 19 5 0 42.397908 -71.147971
19 0 7 0 14 0 0 42.368952 -71.109988
43 0 8 0 5 0 0 42.349244 -71.097282
19 0 11 0 11 0 0 42.379273 -71.103419
15 0 5 0 4 0 0 42.348545 -71.065592
23 0 14 1 14 5 0 42.306539 -71.107669
28 0 7 0 0 0 0 42.356627 -71.062457
18 0 11 1 15 0 0 42.285780 -71.109725
18 0 9 1 15 3 0 42.348949 -71.150272
15 0 8 0 5 1 0 42.360685 -71.201462
15 0 5 0 5 0 0 42.280725 -71.086172
18 0 6 0 2 0 0 42.346520 -71.080658
15 0 3 0 0 0 0 42.349784 -71.048935
12 0 7 0 7 1 0 42.415091 -71.139177
17 0 8 0 10 0 0 42.363168 -71.134719
15 0 7 1 5 0 0 42.286307 -71.128205
19 0 10 0 18 0 0 42.373080 -71.086342
15 0 7 0 9 3 0 42.272548 -71.062882
23 0 7 0 4 0 0 42.374125 -71.054812
19 0 8 0 4 0 0 42.387370 -71.127610
12 0 6 0 10 2 0 42.426538 -71.063937
11 0 6 0 8 1 0 42.396365 -71.039872
16 0 6 0 12 0 0 42.341356 -71.083370
14 0 8 0 11 0 0 42.310600 -71.053900
15 0 11 0 5 0 0 42.331370 -71.126884
23 0 9 1 1 0 0 42.362902 -71.091567
32 0 7 0 5 0 0 42.363060 -71.125045
19 0 5 0 13 0 0 42.362648 -71.100061
15 0 8 0 11 0 0 42.346197 -71.107287
19 0 10 0 14 1 0 42.392525 -71.105587
15 0 5 0 5 1 0 42.362774 -71.157649
23 0 7 0 0 0 0 42.371977 -71.075858
19 0 8 0 7 1 0 42.389524 -71.116941
15 0 7 0 3 0 0 42.327604 -71.110892
19 0 11 0 15 1 0 42.353334 -71.137313
23 0 5 0 5 1 0 42.392568 -71.150761
27 0 6 0 0 0 0 42.348706 -71.097009
26 0 10 0 15 0 0 42.336244 -71.087986
19 0 5 0 3 0 0 42.351828 -71.067811
11 0 5 0 6 0 0 42.403444 -71.063278
11 0 4 0 11 0 0 42.375603 -71.064608
15 0 6 0 13 0 0 42.341814 -71.090179
15 0 7 1 8 1 0 42.406302 -71.132446
12 0 6 0 6 0 0 42.367620 -71.156566
15 0 7 0 7 0 0 42.375578 -71.031243
19 0 9 0 9 1 0 42.402368 -71.075732
19 0 7 0 6 0 0 42.363499 -71.164217
15 0 6 0 7 2 0 42.309796 -71.092225
27 0 9 1 18 9 0 42.340246 -71.151688
19 0 6 0 9 0 0 42.365070 -71.103100
16 0 9 0 14 2 0 42.360274 -71.128525
15 0 6 1 7 0 0 42.281986 -71.071479
19 0 11 0 14 3 0 42.320561 -71.061980
15 0 8 0 6 0 0 42.299633 -71.060690
15 0 8 0 14 0 0 42.351547 -71.121262
16 0 6 1 12 3 0 42.324081 -71.083235
19 0 8 0 16 1 0 42.342958 -71.067052
11 0 5 1 6 3 0 42.416065 -71.153366
15 0 6 0 14 1 0 42.370744 -71.044201
19 0 9 1 12 1 0 42.386736 -71.094644
19 0 9 1 12 7 0 42.295305 -71.047186
19 0 10 1 11 2 0 42.293767 -71.136566
19 0 5 0 5 1 0 42.264567 -71.114552
31 0 13 0 15 0 0 42.320340 -71.051180
15 0 7 0 2 0 0 42.336648 -71.068945
15 0 7 0 6 0 0 42.319384 -71.058291
17 0 7 1 2 0 0 42.344827 -71.028664
19 0 8 0 10 0 0 42.349426 -71.062100
20 0 6 1 0 0 0 42.356776 -71.055498
15 0 6 1 3 1 0 42.396387 -71.120113
19 0 10 1 5 0 0 42.373268 -71.118579
19 0 12 0 18 0 0 42.357219 -71.113872
17 0 9 1 13 4 0 42.335543 -71.150615
19 0 9 0 9 1 0 42.390719 -71.153888
16 0 5 0 3 0 0 42.344607 -71.067020
11 0 4 0 3 0 0 42.374106 -71.032763
15 0 6 0 6 0 0 42.381001 -71.104025
21 0 11 0 16 0 0 42.369239 -71.116870
19 0 4 0 3 0 0 42.351597 -71.075617
19 0 12 1 1 0 0 42.373379 -71.111075
20 0 10 1 12 0 0 42.379352 -71.071371
23 0 8 2 2 1 0 42.351482 -71.044361
19 0 5 0 1 0 0 42.354968 -71.060977
33 0 9 0 1 0 0 42.349928 -71.077392
11 0 5 0 2 0 0 42.417724 -71.108102
27 0 6 0 6 0 0 42.347345 -71.100168
14 0 8 1 11 3 0 42.269988 -71.097462
23 0 4 0 7 0 0 42.360418 -71.057522
15 0 6 0 7 0 0 42.414273 -71.044797
11 0 5 0 5 0 0 42.486288 -70.901667
15 0 8 0 9 0 0 42.327843 -71.125362
15 0 4 0 7 0 0 42.343691 -71.102353
15 0 10 1 9 1 0 42.350570 -71.166491
17 0 7 0 5 1 0 42.386400 -71.096010
13 0 4 0 6 0 0 42.336203 -71.207795
19 0 9 0 15 0 0 42.371197 -71.097599
23 0 8 1 5 0 0 42.351004 -71.049300
17 0 4 0 8 0 0 42.287361 -71.071111
27 0 11 0 19 1 0 42.343049 -71.058034
18 0 12 0 16 0 0 42.329843 -71.083866
19 0 12 0 13 2 0 42.341781 -71.039870
15 0 5 0 13 0 0 42.344310 -71.074034
15 0 4 0 3 0 0 42.340336 -71.071799
17 0 8 0 8 0 0 42.366426 -71.105495
15 0 10 0 12 0 0 42.361546 -71.137762
16 0 5 0 11 5 0 42.321438 -71.091261
16 0 7 1 12 4 0 42.278747 -71.080286
15 0 5 0 10 0 0 42.534669 -70.870214
15 0 7 0 11 0 0 42.339858 -71.134212
11 0 5 0 5 1 0 42.351458 -71.207650
15 0 9 0 7 3 0 42.357329 -71.146735
20 0 12 0 13 0 0 42.389155 -71.010409
19 0 7 1 6 0 0 42.380857 -71.070629
20 0 6 0 19 1 0 42.349000 -71.100472
19 0 8 2 4 1 0 42.351142 -71.073292
11 0 5 0 6 0 0 42.363675 -71.151786
15 0 10 0 11 1 0 42.287072 -71.127754
19 0 5 0 15 0 0 42.349496 -71.100576
15 0 5 2 14 0 0 42.338629 -71.106500
15 0 7 0 5 2 0 42.317642 -71.056664
19 0 5 0 4 1 0 42.366088 -71.086336
15 0 7 0 11 0 0 42.357662 -71.108413
16 0 6 0 2 0 0 42.349856 -71.103825
19 0 13 2 12 3 0 42.277484 -71.163415
15 0 9 0 5 0 0 42.325860 -71.049142
23 0 5 0 22 0 0 42.365188 -71.060788
11 0 6 1 2 0 0 42.414019 -70.989609
23 0 6 0 12 0 0 42.371141 -71.076198
15 0 6 0 15 0 0 42.349225 -71.132753
19 0 9 0 8 0 0 42.385368 -71.137757
19 0 9 1 14 1 0 42.386844 -71.098120
19 0 5 0 0 0 0 42.355854 -71.054597
19 0 11 2 14 2 0 42.346790 -71.145498
11 0 5 0 2 0 0 42.420834 -71.072165
11 0 6 1 6 2 0 42.390227 -71.038570
23 0 12 0 11 0 0 42.374090 -71.069060
19 0 8 0 14 3 0 42.369553 -71.085790
15 0 6 1 1 0 0 42.353391 -71.044571
27 0 20 0 27 0 0 42.352261 -71.123831
19 0 10 0 13 3 0 42.380429 -71.060557
15 0 8 0 12 0 0 42.363539 -71.111698
18 0 10 1 3 0 0 42.361358 -71.096703
11 0 6 1 6 3 0 42.410818 -71.081529
19 0 12 1 7 0 0 42.292251 -71.077972
21 0 12 0 1 1 0 42.365679 -71.040301
19 0 10 0 18 0 0 42.357753 -71.103934
19 0 8 1 2 0 0 42.344796 -71.031614
23 0 12 1 13 6 0 42.396232 -71.139788
17 0 6 0 3 0 0 42.369931 -71.073526
15 0 8 0 13 0 0 42.351692 -71.119035
19 0 10 0 18 0 0 42.341598 -71.123338
11 0 4 0 4 0 0 42.516223 -70.905535
16 0 6 1 11 5 0 42.342868 -71.141278
15 0 4 0 1 0 0 42.358494 -71.054265
19 0 5 0 0 0 0 42.355536 -71.072869
15 0 4 0 3 1 0 42.333923 -71.104465
19 0 11 1 13 1 0 42.318865 -71.045368
19 0 6 0 5 1 0 42.365994 -71.095222
20 0 14 0 18 2 0 42.279608 -71.060221
19 0 3 1 6 0 0 42.282779 -71.157289
11 0 7 1 5 3 0 42.367593 -71.187514
23 0 3 0 0 0 0 42.364127 -71.087386
15 0 6 0 6 1 0 42.368019 -71.124200
15 0 6 0 9 1 0 42.315692 -71.098634
15 0 7 0 7 0 0 42.336586 -71.098870
11 0 5 0 6 1 0 42.414705 -71.152377
23 0 10 0 20 0 0 42.370803 -71.104412
21 0 10 0 8 0 0 42.380024 -71.024441
19 0 13 1 15 4 0 42.279774 -71.046085
15 0 5 0 6 0 0 42.373329 -71.120986
20 0 8 1 11 9 0 42.290891 -71.056746
15 0 10 1 8 5 0 42.282976 -71.054667
17 0 7 1 7 0 0 42.339879 -71.167089
16 0 6 0 13 3 0 42.277389 -71.093250
19 0 9 0 16 0 0 42.368605 -71.099302
19 0 11 0 11 0 0 42.386781 -71.006098
19 0 9 0 15 0 0 42.379648 -71.095405
12 0 5 0 8 4 0 42.398136 -71.030710
19 0 6 1 10 7 0 42.321765 -71.109842
15 0 10 1 11 4 0 42.309572 -71.072900
19 0 8 0 11 1 0 42.378965 -71.068607
15 0 5 0 4 2 0 42.335099 -71.079038
15 0 7 1 7 0 0 42.294426 -71.078218
17 0 5 0 15 2 0 42.375449 -71.039185
25 0 10 0 8 0 0 42.396969 -71.123024
19 0 13 0 16 0 0 42.284845 -71.118745
19 0 6 0 5 0 0 42.344742 -71.076482
19 0 6 0 13 0 0 42.362811 -71.056067
47 0 12 1 30 0 0 42.352175 -71.055547
14 0 4 0 14 0 0 42.343749 -71.062256
20 0 12 1 16 4 0 42.268100 -71.119240
15 0 9 1 4 1 0 42.286346 -71.136721
15 0 6 0 5 1 0 42.296067 -71.116012
17 0 6 0 9 0 0 42.337595 -71.082551
19 0 9 1 6 1 0 42.349544 -71.072421
27 0 6 0 0 0 0 42.360859 -71.085519
13 0 5 0 7 6 0 42.521893 -70.880691
23 0 6 0 3 0 0 42.372217 -71.121881
15 0 8 1 7 1 0 42.411432 -71.068233
19 0 5 0 0 0 0 42.363004 -71.089740
18 0 9 0 12 6 0 42.349530 -71.130228
15 0 7 0 5 1 0 42.386748 -71.119019
20 0 8 0 13 0 0 42.336259 -71.077564
23 0 7 0 8 0 0 42.395222 -71.144219
19 0 2 0 4 0 0 42.350287 -71.077505
19 0 9 0 12 2 0 42.399368 -71.111115
16 0 9 0 15 1 0 42.346551 -71.128332
15 0 5 0 13 1 0 42.348359 -71.139972
23 0 5 0 1 1 0 42.300806 -71.127436
15 0 10 1 14 1 0 42.356561 -71.141675
32 0 11 0 10 0 0 42.362561 -71.057489
19 0 7 0 1 1 0 42.343706 -71.153257
15 0 6 0 3 0 0 42.342549 -71.074214
15 0 7 0 4 0 0 42.398361 -71.063738
15 0 6 0 7 0 0 42.316902 -71.091946
20 0 7 0 3 0 0 42.378570 -71.052980
15 0 3 0 13 0 0 42.363465 -71.100573
15 0 4 0 0 0 0 42.359743 -71.052602
13 0 4 0 3 1 0 42.523452 -70.896111
19 0 7 0 9 2 0 42.369036 -71.086310
19 0 9 0 9 1 0 42.312424 -71.096169
20 0 8 0 6 0 0 42.347181 -71.035796
11 0 7 0 8 0 0 42.406161 -71.060417
15 0 8 0 9 0 0 42.340115 -71.100619
20 0 9 0 3 0 0 42.377100 -71.066460
19 0 8 0 14 5 0 42.380323 -71.108786
