346 69 8303 1963 1587 304 217 -49 719 759
0 50.841478 4.352600
20 0 2 2 0 0 2 50.836304 4.415050
25 0 6 6 5 2 2 50.836151 4.326019
21 0 6 5 11 7 2 50.853203 4.341823
20 0 5 6 5 3 2 50.847865 4.343521
40 0 10 11 8 10 2 50.845333 4.356475
25 0 4 8 8 12 2 50.846319 4.362244
42 0 4 5 11 12 2 50.845683 4.368582
35 1 8 5 6 5 0 50.844045 4.345048
20 0 5 3 6 0 2 50.841345 4.351729
32 0 5 9 8 22 1 50.840458 4.365981
25 0 7 4 5 6 2 50.840184 4.341324
42 0 5 6 8 5 2 50.838816 4.361557
25 0 4 4 5 3 2 50.837036 4.406826
40 0 8 10 3 17 2 50.835968 4.355508
25 0 4 8 9 6 2 50.847710 4.377552
20 0 1 2 7 1 2 50.828046 4.347596
20 0 4 5 1 3 2 50.843613 4.360628
43 0 15 17 19 5 2 50.852230 4.353160
23 0 5 8 1 10 2 50.855870 4.355850
19 0 7 8 6 7 2 50.846331 4.355193
36 0 9 12 10 10 2 50.855268 4.358717
25 0 2 3 2 4 2 50.845769 4.338961
23 0 4 4 4 5 1 50.839413 4.328914
25 0 4 9 5 7 2 50.838733 4.321760
27 1 10 9 14 8 0 50.842005 4.330500
25 0 8 8 3 3 2 50.853666 4.351771
25 0 7 5 9 9 2 50.850303 4.360706
35 0 13 10 11 16 2 50.850176 4.346384
25 0 7 8 4 1 2 50.848701 4.356055
35 1 8 9 8 10 0 50.845630 4.346942
35 0 10 10 17 10 2 50.845124 4.351486
25 0 4 5 5 0 1 50.837950 4.353019
19 0 4 3 6 0 2 50.837912 4.347421
25 1 3 4 4 5 0 50.834237 4.350732
25 0 8 5 6 3 1 50.833931 4.343155
24 0 7 6 7 9 2 50.859302 4.354850
25 0 8 5 11 4 2 50.848510 4.338064
25 1 4 4 5 7 0 50.845256 4.374501
34 0 5 7 8 13 2 50.841707 4.370986
25 0 4 4 5 10 2 50.833080 4.357430
24 1 5 9 4 10 0 50.843892 4.355012
20 0 8 6 11 6 1 50.854714 4.347151
23 1 4 6 9 11 0 50.849358 4.363589
25 0 7 3 7 2 1 50.861500 4.351143
25 1 9 7 9 7 0 50.860862 4.339182
25 0 7 6 15 4 1 50.835699 4.338826
40 0 10 9 5 6 1 50.837499 4.335947
39 0 12 12 15 7 1 50.863445 4.346350
25 0 3 2 10 7 1 50.853248 4.366188
25 0 4 3 3 6 1 50.845817 4.383722
24 1 4 4 11 10 0 50.848712 4.369509
43 0 13 9 13 12 1 50.859181 4.359420
24 0 5 6 9 3 1 50.849681 4.375312
14 0 4 4 3 2 1 50.857385 4.361858
35 0 10 8 11 4 1 50.843836 4.378002
35 0 5 5 8 8 1 50.841770 4.384180
20 0 5 6 8 6 1 50.834705 4.421643
25 0 5 4 5 7 1 50.832749 4.331058
25 0 5 3 5 5 1 50.829985 4.344557
40 0 13 12 26 10 1 50.843359 4.379946
35 1 2 2 5 4 0 50.839750 4.385426
33 0 8 9 11 9 1 50.840282 4.380131
29 0 3 4 4 2 1 50.827577 4.363797
25 0 5 5 4 7 1 50.818113 4.371446
22 1 5 2 5 2 0 50.815019 4.371982
24 0 4 7 4 3 1 50.812489 4.379203
25 0 4 6 5 3 1 50.823898 4.367752
24 1 3 4 2 2 0 50.831936 4.353037
25 0 0 0 0 0 1 50.825888 4.340388
25 0 0 0 0 2 1 50.825749 4.345165
25 1 3 3 10 0 0 50.827399 4.355281
25 0 3 4 3 7 1 50.823699 4.351623
22 0 5 5 9 8 1 50.844130 4.374871
20 0 3 8 4 7 1 50.814852 4.376794
25 0 9 6 15 8 1 50.870259 4.343195
29 0 4 7 10 8 1 50.862840 4.331260
20 1 4 3 2 1 0 50.858960 4.330107
25 0 9 7 10 10 1 50.857266 4.332368
25 0 5 3 9 1 1 50.876195 4.324477
25 0 5 7 10 5 1 50.871391 4.323914
25 0 5 5 5 6 1 50.873354 4.334311
25 0 7 5 11 3 1 50.871193 4.329925
17 1 3 4 2 9 0 50.867448 4.326807
25 0 3 8 6 8 1 50.867773 4.335217
24 0 4 4 12 5 1 50.875826 4.329921
19 0 5 4 7 5 1 50.850333 4.380461
20 0 5 3 7 0 1 50.849215 4.329184
25 0 7 5 9 5 1 50.878080 4.347930
25 0 5 7 5 13 1 50.863875 4.358708
25 0 4 5 6 6 1 50.858058 4.318689
20 0 3 6 1 5 1 50.859040 4.312402
25 0 5 4 5 6 1 50.864992 4.338431
44 0 9 10 12 10 1 50.838411 4.373020
25 1 9 2 7 3 0 50.869204 4.291663
25 0 4 6 3 4 1 50.835790 4.375782
20 0 2 3 3 0 1 50.834790 4.363772
20 0 1 3 0 0 1 50.830077 4.369545
25 0 4 3 6 2 1 50.830012 4.378625
25 1 1 3 1 1 0 50.827652 4.359031
35 0 9 8 8 4 1 50.828012 4.371756
18 0 3 3 1 4 1 50.824048 4.359896
22 0 5 4 8 1 1 50.826992 4.382379
25 0 11 3 16 3 1 50.827831 4.431822
18 1 3 2 3 4 0 50.821567 4.356508
20 0 5 4 7 2 1 50.820042 4.374785
25 0 2 2 1 0 1 50.820391 4.385358
24 1 5 3 3 4 0 50.817807 4.385470
25 0 4 6 5 3 1 50.818253 4.395749
34 0 5 5 4 1 1 50.816029 4.391006
25 1 5 5 6 6 0 50.864622 4.297878
20 0 3 4 3 2 1 50.825590 4.379555
25 0 4 3 11 3 1 50.832872 4.374830
25 0 4 3 1 0 1 50.823986 4.373790
30 0 6 4 3 1 1 50.822207 4.389325
25 0 5 3 3 8 1 50.817507 4.366498
25 1 7 3 13 2 0 50.818283 4.363568
25 0 4 5 5 4 1 50.817392 4.354105
25 0 8 5 3 3 1 50.837288 4.434620
18 0 4 4 3 4 1 50.832194 4.377694
25 0 8 7 10 1 1 50.832355 4.432358
23 0 8 1 8 0 1 50.819448 4.429082
25 1 5 6 8 8 0 50.813290 4.434751
19 0 1 3 1 0 1 50.816338 4.433895
24 0 6 3 7 0 1 50.866795 4.309222
25 0 3 4 1 0 1 50.862652 4.316644
25 0 4 6 4 6 1 50.872343 4.376460
24 0 8 6 6 8 1 50.869809 4.371808
25 0 2 6 5 7 1 50.866610 4.373102
20 1 6 6 7 6 0 50.865110 4.378466
25 0 8 8 10 6 1 50.863872 4.366741
25 0 5 8 6 8 1 50.862704 4.381289
42 1 11 11 13 10 0 50.860754 4.358886
24 0 4 4 5 5 1 50.857319 4.386724
25 0 7 3 5 9 1 50.857218 4.407879
25 0 6 5 3 7 0 50.857780 4.368144
25 0 7 3 9 9 1 50.859096 4.379117
25 0 5 6 4 7 1 50.859243 4.401022
25 0 5 3 4 1 1 50.861874 4.372146
22 0 4 3 4 6 1 50.855629 4.394807
25 0 3 9 6 5 1 50.856208 4.403386
25 0 7 3 5 0 1 50.854654 4.398451
25 0 2 8 0 8 1 50.853518 4.392491
25 0 4 4 5 3 1 50.852389 4.387373
25 1 5 7 5 4 0 50.854128 4.378002
25 0 3 4 7 7 1 50.851241 4.396386
25 0 4 5 3 3 1 50.824953 4.399088
25 0 3 4 2 1 1 50.847158 4.393255
24 1 6 6 12 8 0 50.867955 4.379577
23 0 6 8 12 8 1 50.877501 4.380315
25 1 8 4 7 2 0 50.872592 4.379886
25 1 6 2 5 1 0 50.859112 4.391570
20 0 3 7 2 4 1 50.879668 4.334250
25 0 6 5 5 7 1 50.876205 4.337137
22 0 6 1 7 2 0 50.869032 4.309731
25 1 6 4 3 6 0 50.866379 4.303281
25 1 3 8 3 12 0 50.877125 4.387515
20 0 3 5 3 8 1 50.874530 4.385378
25 0 1 11 1 7 1 50.854789 4.312201
25 0 3 5 4 2 1 50.869764 4.388191
24 0 5 5 6 0 1 50.864656 4.394448
22 0 6 4 11 3 1 50.853947 4.316350
25 1 5 5 7 5 0 50.854166 4.322948
25 0 4 2 3 1 1 50.852356 4.408635
25 1 3 5 4 8 0 50.849409 4.389263
22 0 4 3 2 0 1 50.850430 4.402169
44 0 7 6 6 9 1 50.839217 4.398015
25 0 7 7 4 7 1 50.837726 4.381565
25 0 7 3 8 2 1 50.835723 4.394395
25 1 3 7 2 4 0 50.831680 4.404769
25 0 3 4 3 1 0 50.829928 4.390357
25 0 3 5 1 2 1 50.831592 4.385786
25 0 3 5 6 7 1 50.835797 4.401599
17 0 5 3 10 0 1 50.861783 4.302607
25 0 5 4 10 2 1 50.826603 4.397117
24 1 5 2 2 1 0 50.857235 4.324354
17 0 2 2 7 2 1 50.836924 4.389073
22 1 4 4 3 5 0 50.867904 4.390696
24 0 4 3 4 5 1 50.853973 4.383740
25 0 7 8 5 11 1 50.851562 4.332924
30 0 4 2 3 1 1 50.848866 4.320628
25 0 10 7 13 7 1 50.885885 4.342003
26 0 2 3 7 6 1 50.838356 4.284213
25 0 8 1 7 0 1 50.846874 4.298170
25 0 2 5 2 4 1 50.848255 4.314854
15 0 1 3 2 3 1 50.843693 4.304986
25 0 6 1 8 0 1 50.843967 4.313537
25 0 8 3 6 1 1 50.841400 4.296013
21 0 5 5 5 4 1 50.840217 4.313386
15 0 4 2 6 4 1 50.840450 4.305055
20 0 4 4 4 5 1 50.835503 4.299573
25 0 6 3 10 4 1 50.834611 4.305494
25 1 5 9 7 12 0 50.833424 4.313378
25 0 10 5 8 6 1 50.832565 4.294311
25 1 7 2 16 8 0 50.828602 4.299621
25 1 9 1 11 1 0 50.827873 4.288707
22 0 4 8 2 6 1 50.816528 4.290832
25 1 8 1 8 1 0 50.827010 4.292098
15 0 3 1 1 6 1 50.821018 4.293865
30 0 9 6 9 2 1 50.816002 4.295121
25 0 4 5 3 3 1 50.836864 4.317321
25 0 7 5 9 8 1 50.828873 4.303918
23 0 10 5 9 4 1 50.824913 4.297248
25 1 5 5 4 2 0 50.845978 4.323226
23 0 6 0 5 0 1 50.829491 4.286006
25 0 6 5 9 4 1 50.824867 4.287059
25 1 12 4 14 4 0 50.821846 4.284394
25 0 5 0 0 0 1 50.817246 4.280445
12 0 4 2 3 0 1 50.824055 4.326376
25 0 3 4 2 2 1 50.824352 4.334465
25 0 4 3 9 4 1 50.819939 4.325277
20 0 3 4 3 6 1 50.816695 4.319891
25 0 4 3 7 0 1 50.816525 4.336212
18 0 4 3 5 0 1 50.813587 4.324681
24 1 4 3 3 3 0 50.818382 4.346061
19 0 6 2 5 2 1 50.805801 4.319400
25 0 1 5 0 6 1 50.810875 4.329158
20 0 3 3 5 0 1 50.813858 4.330992
25 0 0 0 0 0 1 50.809799 4.317546
25 0 2 4 2 4 1 50.810085 4.324864
25 0 5 3 1 5 1 50.812328 4.318885
25 0 7 2 10 2 1 50.827972 4.330705
20 0 3 3 6 2 1 50.820278 4.330802
25 0 4 5 4 1 1 50.817777 4.350406
23 0 4 3 4 1 1 50.814180 4.347721
25 0 7 2 5 0 1 50.803917 4.349116
25 0 7 6 7 6 1 50.803791 4.333321
25 1 3 6 3 3 0 50.811752 4.353424
20 0 6 3 8 0 1 50.812180 4.368321
25 1 6 7 4 7 0 50.798988 4.375581
20 0 6 3 6 4 1 50.796471 4.328415
25 0 7 4 4 8 1 50.795860 4.320580
22 1 3 8 3 9 0 50.795704 4.373631
25 0 6 7 7 2 1 50.794186 4.366336
25 0 4 4 1 0 1 50.805340 4.372123
20 0 2 4 2 5 1 50.800377 4.326985
23 0 2 6 2 6 1 50.803413 4.314756
25 1 6 7 8 10 0 50.872475 4.314266
22 0 4 4 6 2 1 50.867393 4.320344
25 0 4 6 4 10 1 50.868011 4.313968
24 0 6 7 4 5 1 50.874767 4.308977
25 0 5 4 4 2 1 50.872169 4.298216
18 1 3 3 2 4 0 50.862152 4.323353
20 0 5 4 4 1 1 50.859608 4.334090
25 0 5 11 4 11 1 50.867020 4.406995
20 1 6 2 8 6 0 50.868790 4.399587
20 1 5 1 3 4 0 50.876930 4.400722
19 0 3 4 3 2 1 50.872002 4.403286
20 0 5 2 10 1 1 50.870983 4.397506
25 1 5 8 5 9 0 50.867241 4.402870
21 0 6 5 4 5 1 50.877552 4.409136
25 0 3 5 8 4 1 50.862912 4.403226
20 0 4 3 4 2 1 50.862808 4.410791
25 1 9 7 5 6 0 50.860925 4.421374
25 0 5 3 9 0 1 50.859127 4.414406
25 0 3 13 2 8 1 50.851158 4.309591
24 0 3 9 2 12 1 50.850845 4.299659
25 0 4 4 5 5 1 50.854824 4.306209
25 0 9 3 4 2 1 50.860020 4.307502
20 0 6 2 4 4 1 50.896278 4.372427
25 1 7 5 6 6 0 50.889748 4.380755
21 1 7 5 6 7 0 50.881588 4.373817
25 1 5 5 5 6 0 50.894005 4.331902
25 0 9 7 6 10 1 50.890181 4.336962
25 1 4 5 8 11 0 50.897522 4.334831
25 0 5 2 0 0 1 50.895485 4.341311
25 0 5 6 0 0 1 50.890970 4.344827
14 0 4 2 5 1 1 50.893158 4.376931
25 0 3 5 6 0 1 50.873085 4.358590
25 0 5 3 9 2 1 50.813469 4.338951
18 0 6 1 10 0 1 50.808100 4.336816
23 1 2 4 3 2 0 50.809334 4.345243
18 0 5 4 6 6 1 50.803510 4.358900
25 0 5 6 5 9 1 50.801816 4.340738
24 0 3 2 2 1 1 50.791580 4.332669
19 0 2 4 3 7 1 50.804661 4.327886
20 0 2 8 5 6 1 50.797739 4.336083
25 0 5 5 6 1 1 50.810528 4.402310
25 0 5 7 7 10 1 50.798344 4.419014
25 0 6 5 4 9 1 50.793682 4.418497
25 1 2 5 4 9 0 50.795280 4.408320
25 0 5 5 3 6 1 50.804775 4.426387
25 0 7 2 8 4 1 50.877082 4.301232
20 1 4 3 2 1 0 50.809355 4.386606
25 0 0 5 0 3 1 50.801434 4.392831
22 0 5 4 5 2 1 50.806552 4.387843
25 0 6 5 2 2 1 50.807903 4.392756
25 0 5 3 6 2 1 50.895592 4.387965
25 1 9 4 9 3 0 50.889073 4.375073
20 0 7 4 3 5 1 50.881889 4.347448
19 0 4 4 3 7 1 50.872265 4.352158
25 0 6 4 9 8 1 50.875210 4.317954
20 0 2 7 5 4 1 50.879920 4.400427
22 0 5 4 1 1 1 50.818322 4.404122
25 0 7 4 10 7 1 50.816948 4.426551
25 0 7 5 9 7 1 50.814858 4.417184
30 1 12 6 14 9 0 50.812325 4.427962
20 0 3 2 0 0 1 50.810322 4.435789
20 0 3 5 6 7 1 50.820150 4.422200
20 0 6 5 1 5 1 50.880539 4.328230
20 0 5 4 2 6 1 50.885197 4.317648
20 1 3 5 4 9 0 50.886451 4.310966
19 0 3 4 4 7 1 50.884251 4.330287
20 0 5 1 7 2 1 50.889523 4.315953
20 1 8 1 5 3 0 50.855186 4.415246
25 1 2 5 0 4 0 50.819641 4.412926
25 0 4 5 7 2 1 50.821441 4.406925
22 0 4 3 4 3 1 50.809406 4.443777
20 0 5 5 6 0 1 50.874082 4.362205
20 1 4 4 4 6 0 50.849386 4.417120
24 0 9 4 12 3 1 50.847617 4.436084
25 0 6 1 6 0 1 50.847546 4.450015
20 0 3 2 1 8 1 50.842319 4.406295
24 1 5 4 2 6 0 50.845229 4.404311
25 0 8 7 8 9 1 50.856582 4.430988
20 0 6 3 4 2 1 50.855593 4.439625
20 0 6 4 3 4 1 50.854231 4.444034
17 0 2 3 2 1 1 50.848578 4.459038
20 0 7 4 8 8 1 50.843779 4.437698
24 1 5 5 7 4 0 50.851073 4.452706
22 0 2 7 8 8 1 50.845365 4.417880
24 1 3 4 9 7 0 50.843617 4.425324
20 1 2 6 2 3 0 50.864761 4.294429
20 0 5 5 2 2 1 50.861788 4.292913
20 0 4 4 4 5 1 50.830179 4.337958
18 0 4 4 1 3 1 50.802675 4.412073
20 0 3 3 3 4 1 50.815910 4.273700
25 0 6 2 6 3 1 50.814961 4.265429
24 1 3 3 9 6 0 50.831078 4.398546
20 0 6 4 3 4 1 50.833444 4.334857
22 0 7 4 9 4 1 50.848184 4.425621
25 0 4 5 7 3 1 50.813724 4.384205
23 0 3 7 2 1 1 50.814264 4.443479
20 0 3 5 2 1 1 50.815681 4.408120
20 0 3 4 4 1 1 50.821557 4.402288
22 0 3 4 9 4 1 50.837714 4.369117
16 0 2 3 4 5 1 50.829715 4.455151
20 0 1 6 3 5 1 50.834634 4.456746
25 0 9 5 10 6 1 50.827080 4.444795
20 0 4 5 2 3 1 50.867708 4.357532
24 0 6 5 8 2 1 50.841570 4.465770
20 0 2 5 0 1 1 50.872501 4.290218
20 0 5 4 8 1 1 50.879086 4.374729
21 0 5 5 8 4 1 50.854032 4.356322
1 0 0 0 0 0 1 50.873801 4.417459
2 0 0 0 0 0 1 50.797869 4.289803
