1834 395 19574 4388 1896 349 543 78 1819 1388
0 41.896956 -87.677718
16 0 2 0 2 0 0 41.653490 -87.547030
11 0 0 0 0 1 1 41.793750 -87.694720
16 0 8 0 9 2 1 41.859090 -87.721210
15 0 6 0 7 0 1 41.832025 -87.677839
16 0 2 0 2 0 0 41.721480 -87.657740
16 0 0 2 0 2 0 41.692510 -87.622870
16 0 2 7 4 7 1 41.783150 -87.722570
15 1 6 1 4 1 0 41.822985 -87.607100
15 0 3 3 4 1 1 41.914680 -87.643320
11 0 2 0 0 0 0 41.897380 -87.634420
19 0 7 0 10 1 1 41.877618 -87.673895
11 0 2 2 0 2 0 41.842733 -87.635491
15 0 6 0 6 0 0 41.780531 -87.605970
15 0 7 0 8 0 1 41.818670 -87.694410
15 0 5 3 5 0 1 41.979851 -87.681932
15 0 2 0 1 0 0 41.787878 -87.598906
11 0 3 1 6 0 1 41.808227 -87.677180
16 0 4 1 2 0 1 41.949074 -87.648636
15 0 6 1 3 1 0 42.012701 -87.666058
23 0 4 2 4 0 1 41.903119 -87.673935
27 0 8 1 9 5 0 41.893992 -87.629318
15 0 2 3 4 4 1 41.940600 -87.669435
11 0 3 2 3 3 1 41.837800 -87.651140
11 0 2 0 1 0 1 41.805661 -87.683392
15 1 6 2 2 2 0 41.968354 -87.711831
15 0 4 1 9 3 1 41.884810 -87.686680
15 0 6 0 2 1 0 41.990439 -87.715236
15 0 5 1 6 5 0 41.881370 -87.674930
19 0 7 2 8 0 0 41.842052 -87.617000
23 1 4 4 8 2 0 41.901315 -87.677409
31 0 8 1 1 0 0 41.890847 -87.618617
31 0 5 2 3 2 1 41.791478 -87.599861
15 0 6 0 7 0 0 41.799060 -87.703420
15 1 2 2 3 2 0 41.892048 -87.689397
16 0 2 4 1 5 0 41.980960 -87.761490
19 0 5 1 6 5 0 41.787877 -87.590461
19 0 8 2 8 0 1 41.969517 -87.654691
15 1 0 1 1 2 0 41.668696 -87.637113
15 0 9 0 11 0 0 41.839250 -87.702020
15 0 2 3 1 4 1 41.871514 -87.669886
47 1 9 9 14 8 0 41.968445 -87.674226
23 0 5 1 3 0 1 41.883703 -87.644238
15 1 6 1 2 1 0 41.961154 -87.716569
11 0 2 1 1 0 0 41.902309 -87.627691
16 1 3 1 5 4 0 41.884966 -87.676835
7 0 1 2 0 5 0 41.848470 -87.685109
15 0 7 1 8 0 1 41.954341 -87.686080
15 0 4 3 9 2 1 41.954005 -87.719128
15 0 1 0 0 1 1 41.815740 -87.684890
15 0 4 1 2 0 1 41.907626 -87.638566
11 1 2 5 5 5 0 41.787539 -87.644874
19 0 5 1 4 0 0 41.915983 -87.677335
11 0 3 0 3 0 1 41.885409 -87.726491
15 0 5 1 2 0 0 41.721850 -87.622854
15 0 4 1 3 5 1 41.830689 -87.656211
11 0 6 0 6 1 1 41.765508 -87.616918
15 0 5 3 6 1 0 41.921525 -87.707322
11 0 2 1 2 1 0 41.699206 -87.668919
15 0 5 1 7 4 1 41.947071 -87.740008
11 0 6 0 7 0 1 41.880420 -87.741080
11 1 0 5 0 10 0 41.752115 -87.552007
11 0 3 7 3 5 1 41.759274 -87.673634
15 0 5 0 5 0 0 41.651903 -87.539555
15 0 8 0 7 0 1 41.838912 -87.716896
15 1 2 1 3 0 0 41.785890 -87.710570
15 0 7 1 4 2 0 41.917077 -87.735354
15 0 3 0 4 3 1 41.779165 -87.705639
15 1 3 0 8 0 0 41.882830 -87.661206
15 0 3 0 3 1 1 41.778750 -87.732460
15 0 7 0 10 0 1 41.719712 -87.643020
11 1 3 0 4 0 0 41.887832 -87.755527
15 0 6 1 4 1 1 41.902108 -87.750870
23 0 5 2 0 4 0 41.857926 -87.624336
15 0 3 4 5 4 1 41.942722 -87.739557
15 0 4 0 8 0 1 41.845687 -87.622481
15 0 0 0 0 0 1 41.784580 -87.703190
11 1 4 0 5 1 0 41.785861 -87.674144
15 0 5 2 10 0 1 41.909855 -87.669930
7 0 4 0 4 1 1 41.800908 -87.674684
15 0 2 0 6 0 0 41.990076 -87.731707
11 0 7 1 6 1 0 41.746559 -87.586005
11 0 1 1 2 4 0 41.827059 -87.645720
11 1 3 2 4 2 0 41.780080 -87.629746
11 0 7 0 9 1 1 41.880207 -87.755337
15 0 3 4 5 4 1 41.813617 -87.693227
15 0 5 1 10 0 1 41.924751 -87.778272
15 0 4 0 3 2 1 41.927906 -87.746730
23 0 6 4 8 0 1 41.971600 -87.650154
15 0 2 1 8 0 1 41.926756 -87.634429
12 0 2 1 1 5 1 41.883602 -87.648627
19 0 7 2 6 0 0 41.921057 -87.672797
15 0 5 0 6 1 0 41.741487 -87.658410
23 0 7 2 7 3 1 42.001044 -87.661198
16 1 2 1 2 2 0 41.653800 -87.617190
15 0 6 1 10 0 1 41.899390 -87.648545
15 0 5 1 7 0 0 41.895634 -87.672069
19 0 6 2 9 1 0 41.989743 -87.660141
15 0 3 0 2 0 1 41.648501 -87.546090
11 1 4 0 6 0 0 41.775393 -87.654308
19 0 3 3 5 2 1 41.954690 -87.673930
15 0 5 2 7 0 1 41.891072 -87.666611
15 0 2 2 3 0 1 41.925330 -87.665800
15 0 3 0 3 0 1 41.800340 -87.730790
19 1 4 2 8 4 0 41.898587 -87.621915
12 0 5 0 3 2 1 41.992820 -87.783770
16 0 3 3 3 0 1 41.943350 -87.670668
11 1 3 1 0 3 0 41.794228 -87.655073
11 0 2 0 6 0 1 41.778881 -87.586647
15 0 2 0 3 0 1 41.916907 -87.767173
15 1 4 0 4 1 0 41.931040 -87.761240
15 0 4 1 2 0 1 41.954177 -87.664358
15 0 3 4 3 0 1 41.931902 -87.701195
15 0 4 1 6 0 1 41.899181 -87.672200
15 0 0 0 0 0 0 41.844250 -87.709830
19 0 4 1 5 0 1 41.871840 -87.646640
19 1 6 1 11 1 0 41.802562 -87.590368
15 0 2 6 2 3 1 41.738902 -87.695518
19 0 5 2 5 7 1 41.877945 -87.662007
15 0 6 1 7 0 1 41.949730 -87.746950
16 0 1 11 1 7 0 41.938520 -87.787350
15 0 2 1 1 3 0 41.884114 -87.654264
15 1 6 0 7 0 0 41.922270 -87.802020
11 0 6 0 7 0 0 41.848193 -87.705412
19 0 4 2 5 0 0 41.895501 -87.682017
19 0 4 1 12 0 0 41.885920 -87.667170
15 0 5 0 10 0 1 41.728234 -87.667524
15 0 5 1 8 0 1 41.780911 -87.576324
19 0 4 5 12 2 0 41.978031 -87.668565
11 1 2 2 2 3 0 41.872993 -87.764499
15 0 2 3 1 2 1 41.952372 -87.677296
11 0 2 0 2 1 0 41.793429 -87.615853
23 1 4 6 6 3 0 41.916433 -87.666746
15 0 0 4 1 7 0 41.930860 -87.778450
15 0 2 3 2 4 0 41.945244 -87.706650
15 0 2 2 3 0 1 41.917594 -87.758414
11 0 4 1 5 0 0 41.773518 -87.577143
11 0 4 0 4 0 0 41.947660 -87.829250
27 0 5 1 1 0 0 41.881859 -87.649264
15 0 6 0 9 1 1 41.749702 -87.693917
19 0 5 3 10 0 0 41.935775 -87.663600
19 0 4 1 2 0 1 41.910578 -87.649422
16 0 4 0 6 1 0 41.981390 -87.773310
15 0 4 2 8 0 0 41.917480 -87.728952
31 1 9 3 0 8 0 41.963982 -87.638181
15 0 3 1 3 0 1 41.834270 -87.670600
39 0 16 2 3 1 0 41.876368 -87.620559
15 0 0 2 0 1 1 41.761605 -87.644161
11 1 1 4 5 0 0 41.954468 -87.749594
15 0 5 2 0 5 1 41.924632 -87.689307
16 1 4 5 3 7 0 41.966480 -87.782020
15 1 2 3 1 2 0 41.990860 -87.669724
11 0 4 0 5 0 0 41.872131 -87.746619
31 0 8 3 8 1 0 41.928712 -87.653833
16 0 2 0 1 0 0 41.721750 -87.630750
35 1 9 6 7 1 0 41.932418 -87.652705
15 1 2 7 4 5 0 41.946636 -87.694615
15 0 3 1 9 0 1 41.831036 -87.626798
15 0 5 1 3 2 0 41.857556 -87.661535
16 0 7 0 14 0 1 41.967880 -87.772740
11 0 4 0 6 1 1 41.880281 -87.774453
11 0 3 0 6 0 0 41.823015 -87.626568
23 1 8 6 9 7 0 41.961004 -87.649603
15 0 7 0 7 0 1 42.012560 -87.674367
23 1 6 3 7 5 0 41.898418 -87.686596
19 0 1 1 2 1 1 41.882134 -87.625125
24 0 6 3 5 1 1 41.948226 -87.664071
15 0 6 2 3 1 0 41.858400 -87.656423
15 0 5 0 5 1 1 41.814093 -87.597005
15 1 1 1 4 2 0 41.853442 -87.724628
15 0 6 1 3 0 1 41.803038 -87.606615
31 0 8 4 9 7 1 41.894503 -87.617854
19 0 3 5 6 8 1 41.968610 -87.761080
15 0 0 3 1 3 1 41.736770 -87.614390
15 0 5 0 6 0 1 41.831379 -87.618034
15 1 5 2 8 1 0 42.008594 -87.690492
11 0 3 0 3 0 0 41.751785 -87.578496
11 1 2 1 3 0 0 41.779374 -87.664843
11 0 1 0 5 0 0 41.793446 -87.703450
15 0 5 2 1 2 0 41.974323 -87.733100
11 0 3 1 6 0 0 41.853780 -87.646603
15 0 4 2 2 1 1 41.978361 -87.659789
23 0 3 2 5 1 1 41.871262 -87.673688
20 0 2 1 1 1 0 41.885492 -87.652289
15 0 4 0 9 0 0 41.805810 -87.624500
19 0 3 4 2 2 1 41.921540 -87.653818
4 0 0 0 1 0 0 41.933140 -87.647760
11 0 2 1 0 0 0 41.884454 -87.696298
15 0 2 1 2 0 0 41.828098 -87.694684
28 0 7 4 16 3 1 41.925616 -87.653657
16 0 4 1 9 1 1 41.939743 -87.658865
15 0 3 3 3 2 0 41.771140 -87.737740
4 1 1 0 0 0 0 41.910077 -87.682306
15 0 5 0 5 2 0 41.750600 -87.634090
15 1 2 2 1 2 0 41.967750 -87.752590
16 1 5 3 8 2 0 41.953600 -87.709310
16 0 4 0 7 0 0 41.997510 -87.765390
16 1 5 0 4 0 0 41.800680 -87.698950
15 0 5 1 6 2 0 41.884603 -87.706304
15 0 0 0 2 0 1 41.997220 -87.756870
15 0 4 2 4 0 0 41.922167 -87.638888
4 0 1 0 0 0 0 41.892401 -87.612388
15 0 2 0 1 0 1 41.666312 -87.557216
15 1 5 2 1 1 0 41.858086 -87.651073
19 0 3 3 1 0 1 41.946176 -87.673308
15 0 3 2 4 0 1 41.929143 -87.649077
23 1 9 2 15 0 0 41.867227 -87.625961
35 0 6 2 1 4 0 41.886021 -87.630876
11 0 1 0 5 0 0 41.803023 -87.664699
15 0 10 0 13 1 1 41.752487 -87.643902
15 0 3 5 5 4 1 41.930585 -87.723777
23 0 7 2 12 3 0 41.914610 -87.667968
15 0 5 1 8 0 0 41.857506 -87.645991
11 0 3 0 4 1 0 41.779381 -87.644621
15 1 4 0 3 3 0 41.746534 -87.673055
15 0 7 3 9 3 1 41.953335 -87.758384
11 0 1 1 1 0 0 41.848100 -87.715068
27 0 10 1 12 0 0 41.791728 -87.583945
15 0 4 3 3 5 1 41.909215 -87.760919
15 0 4 3 5 1 1 41.967947 -87.730409
11 0 3 1 5 0 1 41.991178 -87.683593
19 0 4 2 6 5 1 41.894345 -87.622798
11 0 3 0 3 0 1 41.808134 -87.645617
31 0 3 3 0 6 1 41.878125 -87.639968
11 0 1 1 7 0 0 41.924590 -87.727850
7 0 1 0 2 0 0 41.765286 -87.621748
15 0 4 3 4 2 1 41.731395 -87.585744
15 1 3 1 4 1 0 41.875010 -87.673280
15 0 4 0 4 0 0 41.925812 -87.766368
11 1 3 2 5 5 0 41.983665 -87.696423
15 0 6 2 3 3 1 42.004583 -87.661406
11 0 1 2 1 0 0 41.704575 -87.528232
15 1 3 1 0 0 0 41.839209 -87.665610
11 0 2 1 3 1 1 41.841633 -87.657435
11 0 4 0 6 0 0 42.019537 -87.669563
22 0 1 3 1 7 1 41.718963 -87.608296
11 0 2 0 4 0 0 41.883073 -87.656952
11 1 5 1 4 1 0 41.776940 -87.598420
15 0 4 1 4 0 1 41.808530 -87.689420
15 0 1 4 0 3 1 41.883143 -87.637242
15 0 6 3 11 0 0 42.052939 -87.673447
19 0 6 2 7 2 0 41.921822 -87.644140
15 1 3 0 3 1 0 41.726166 -87.566276
15 0 2 2 3 1 0 41.922695 -87.697153
19 0 5 4 10 2 1 41.952162 -87.698051
15 1 3 2 3 0 0 41.834530 -87.631823
23 1 8 2 8 5 0 41.900960 -87.623777
15 0 5 2 12 0 1 41.928887 -87.658971
11 0 2 4 0 1 0 41.956057 -87.668835
16 1 0 5 0 7 0 41.937990 -87.819150
23 0 8 1 4 0 1 41.691211 -87.681297
15 0 0 3 0 1 1 41.702801 -87.559726
11 0 4 0 6 1 0 41.791568 -87.607852
19 1 8 0 10 0 0 42.019159 -87.673573
15 0 6 0 11 0 1 41.938290 -87.773769
19 0 6 2 7 2 0 41.974230 -87.659774
15 0 4 2 3 1 1 41.915520 -87.687022
11 0 1 2 2 3 1 41.920082 -87.677855
12 0 2 5 4 5 1 41.909500 -87.784910
15 0 3 2 2 3 1 41.932590 -87.665936
19 1 6 3 9 1 0 41.965741 -87.689229
15 1 0 4 1 2 0 41.949533 -87.767265
35 1 6 3 5 8 0 41.886022 -87.624398
19 0 7 2 7 5 0 41.802406 -87.586924
19 1 3 1 7 3 0 41.894877 -87.632326
15 0 3 0 3 0 1 41.741192 -87.668106
11 0 3 3 5 4 1 41.813850 -87.666390
15 0 2 0 1 0 1 41.764354 -87.710121
15 0 4 0 1 0 1 41.736044 -87.672861
15 0 4 1 9 0 0 41.939394 -87.712068
15 0 3 2 4 1 1 41.957921 -87.673567
15 1 5 2 6 2 0 41.909657 -87.716632
15 0 4 1 8 1 0 41.865234 -87.666507
15 0 2 0 1 0 1 41.713710 -87.530844
15 0 3 2 2 0 0 41.932225 -87.658617
15 0 4 0 4 2 0 41.931280 -87.751410
15 0 3 0 2 0 0 41.705140 -87.642424
23 0 4 2 5 0 0 41.950780 -87.659172
11 0 8 0 7 0 1 41.946020 -87.771700
23 0 5 0 8 0 0 41.895765 -87.625908
15 1 3 2 4 0 0 41.938330 -87.761660
19 0 5 1 6 2 0 41.795264 -87.596471
11 0 3 2 4 2 1 41.997200 -87.711050
15 1 7 0 8 0 0 41.753740 -87.707510
16 0 8 1 9 0 1 41.956070 -87.764720
15 0 2 1 2 0 0 42.058239 -87.677432
23 0 10 0 1 1 1 41.857412 -87.613792
15 0 4 1 7 0 1 41.900700 -87.662607
15 1 2 3 1 1 0 42.048214 -87.683485
11 0 4 2 4 4 0 41.744531 -87.565060
15 0 7 0 8 0 1 41.656666 -87.598801
39 0 5 2 2 5 0 41.884241 -87.629634
15 0 4 2 9 4 0 41.904613 -87.640552
11 0 2 1 2 3 1 41.949923 -87.713949
19 0 2 1 3 0 0 41.871737 -87.651030
7 0 0 1 0 2 0 41.823613 -87.650931
16 1 0 1 5 0 0 41.670600 -87.632440
15 0 4 4 4 5 0 41.948940 -87.806830
19 0 7 2 4 2 1 41.795212 -87.580715
19 0 2 1 3 2 1 41.880330 -87.642746
15 0 4 0 9 2 0 41.804758 -87.704219
27 1 11 3 8 2 0 41.889500 -87.688257
19 0 4 4 8 1 1 41.967088 -87.667291
15 0 2 2 0 5 1 41.927766 -87.758544
15 1 6 1 5 4 0 41.773643 -87.567514
11 1 1 0 2 1 0 41.794087 -87.675478
11 0 3 0 1 0 0 41.886841 -87.745261
11 0 2 2 2 2 1 42.008200 -87.704610
35 0 4 3 2 5 1 41.885837 -87.635500
11 1 4 2 1 4 0 41.758361 -87.614138
15 0 3 8 3 5 1 41.952610 -87.785350
15 0 3 1 3 1 0 41.754203 -87.673224
15 0 5 0 6 0 1 41.746426 -87.683123
11 1 2 2 4 0 0 41.809719 -87.663477
11 0 2 1 4 2 0 41.789381 -87.596479
11 0 1 0 1 0 0 41.891023 -87.635480
11 0 3 1 4 1 1 41.780506 -87.586853
15 0 5 1 8 0 1 42.019203 -87.664303
15 0 6 0 8 0 0 41.828792 -87.680604
15 1 2 3 1 3 0 41.921576 -87.666433
15 0 2 2 5 0 1 41.732380 -87.658069
11 1 3 0 5 0 0 42.012132 -87.682913
15 1 2 0 4 0 0 41.811530 -87.708850
15 0 0 3 2 2 1 41.750843 -87.682701
15 0 2 0 1 1 1 41.773258 -87.713143
11 0 4 0 6 1 0 41.866493 -87.706496
11 0 5 0 7 0 1 41.743921 -87.575225
11 0 3 1 7 1 1 41.751173 -87.585337
15 1 5 2 6 2 0 41.914027 -87.705126
39 0 11 2 8 1 0 41.866095 -87.607267
47 0 5 2 3 0 0 41.879255 -87.639904
15 0 0 3 0 3 1 41.692263 -87.642612
15 0 2 4 2 1 1 42.064313 -87.686152
15 0 7 0 8 0 0 41.916760 -87.749458
16 0 3 5 3 7 0 41.707040 -87.650220
23 0 3 3 3 2 1 41.879472 -87.625689
15 0 1 0 1 0 1 41.687015 -87.621052
19 0 6 1 8 5 1 41.896373 -87.660984
12 0 4 0 8 0 1 41.952240 -87.816970
19 0 8 2 6 1 1 41.910210 -87.643500
19 0 6 1 9 0 1 41.877642 -87.649618
15 0 7 0 8 1 1 41.814470 -87.704110
15 0 2 4 5 2 0 41.965900 -87.693638
15 0 4 1 6 0 0 41.787943 -87.588315
16 0 4 1 2 0 1 41.976660 -87.768230
11 0 1 0 1 1 1 41.759160 -87.595751
15 0 7 1 11 2 0 41.920435 -87.774390
11 1 3 1 1 0 0 42.015963 -87.675005
15 0 6 2 11 0 1 41.910535 -87.689556
15 0 5 0 7 2 1 41.805772 -87.592464
15 0 7 2 9 1 1 41.772584 -87.703007
11 0 5 0 6 0 1 41.890469 -87.702608
16 0 4 2 5 2 0 41.928773 -87.663913
15 0 6 1 5 1 1 41.911974 -87.631942
11 0 0 0 1 1 1 41.792822 -87.664429
11 0 0 3 1 4 0 41.768898 -87.635876
16 0 3 1 3 1 1 41.724890 -87.643580
11 1 3 1 2 3 0 41.910044 -87.697167
15 0 3 1 2 6 0 41.854915 -87.663560
16 0 2 0 2 0 1 41.952560 -87.797550
11 0 2 0 2 0 1 41.883181 -87.648725
15 1 2 1 2 1 0 41.760703 -87.702292
15 0 3 3 3 1 0 41.900363 -87.696704
15 1 1 3 2 5 0 41.736480 -87.601252
27 0 4 3 3 3 1 41.884295 -87.633963
15 0 1 0 1 1 0 41.728264 -87.597299
16 0 1 1 1 0 1 41.786380 -87.715700
7 0 2 0 2 2 1 41.774074 -87.663815
15 0 4 0 3 0 1 41.880980 -87.695980
7 0 1 0 0 2 1 41.779870 -87.650919
11 0 7 0 10 0 1 41.887664 -87.765469
20 0 5 2 4 3 1 41.919936 -87.648830
15 0 2 2 10 2 1 42.048308 -87.698224
19 0 5 2 2 5 0 41.831274 -87.608799
19 1 3 2 2 1 0 41.899930 -87.634430
19 0 5 2 3 2 0 41.872078 -87.629544
15 1 5 0 9 1 0 41.945684 -87.756934
11 1 3 1 1 5 0 41.849527 -87.640591
11 0 5 0 6 0 1 41.786833 -87.666215
11 0 6 0 7 0 1 41.750794 -87.624424
16 0 3 3 5 5 0 41.823390 -87.641180
11 0 2 1 6 0 0 41.917805 -87.682437
15 1 5 2 10 2 0 41.757871 -87.549177
39 0 5 5 8 3 1 41.881320 -87.629521
11 0 3 0 3 1 0 41.766000 -87.611726
19 0 6 2 7 1 0 41.903266 -87.678435
43 1 18 1 18 3 0 41.892278 -87.612043
15 0 4 5 7 1 1 42.034632 -87.699188
15 0 6 0 7 0 1 41.975984 -87.715984
11 0 5 1 7 0 0 41.895810 -87.717630
15 0 2 7 3 11 1 41.909580 -87.769117
15 0 2 4 4 2 0 41.926690 -87.697668
19 0 1 1 1 0 1 41.886835 -87.622320
15 0 3 4 1 4 1 41.966856 -87.643093
9 1 4 1 4 2 0 41.987360 -87.778050
15 0 3 2 2 0 0 41.952833 -87.649993
39 0 6 1 5 0 1 41.886976 -87.612813
15 0 4 1 3 1 0 41.980394 -87.716115
15 0 5 1 0 0 0 41.868968 -87.659141
15 0 2 7 4 1 1 41.882748 -87.715399
23 0 2 3 4 3 0 41.885779 -87.651025
15 0 11 0 12 1 1 41.944960 -87.811890
15 0 7 1 10 0 0 41.895018 -87.748499
15 1 2 5 4 1 0 41.939354 -87.683282
19 0 4 1 2 0 1 41.870769 -87.625734
15 1 5 0 9 0 0 41.961080 -87.735690
15 0 4 1 3 0 0 41.830661 -87.647172
55 0 3 1 2 3 1 41.884728 -87.619521
23 0 5 2 9 9 1 41.897660 -87.623510
15 0 3 0 3 1 0 41.713397 -87.565842
15 0 2 0 2 0 0 41.790760 -87.634500
11 0 4 2 5 1 1 41.780081 -87.615943
23 0 6 3 5 2 1 41.932588 -87.636427
11 0 3 1 5 0 1 41.736553 -87.622644
15 1 2 4 3 9 0 41.713317 -87.551098
15 0 4 0 5 1 0 41.695010 -87.598715
15 0 4 0 4 0 1 41.658413 -87.610711
11 0 0 3 2 3 0 41.807810 -87.745690
15 0 4 2 7 1 1 41.850084 -87.632141
16 0 2 9 3 9 1 41.959978 -87.786928
15 0 10 0 9 0 1 41.727576 -87.634828
31 0 6 4 7 7 0 41.880317 -87.635185
15 1 2 2 0 6 0 41.857901 -87.668745
15 1 0 9 3 6 0 41.934457 -87.733795
23 0 4 1 1 1 0 41.874053 -87.627716
15 1 3 2 5 2 0 41.936688 -87.636829
19 0 6 4 6 1 0 41.963250 -87.679258
15 0 4 2 2 3 0 41.961406 -87.676169
7 1 2 0 2 0 0 41.747363 -87.580046
27 0 5 1 11 0 1 41.897448 -87.628722
11 1 3 5 4 5 0 41.773721 -87.605635
11 0 3 1 2 0 1 41.780406 -87.591416
19 1 6 1 6 0 0 41.889715 -87.671966
15 0 0 4 0 3 1 41.747630 -87.719450
15 1 3 3 4 2 0 41.975811 -87.679510
55 1 6 1 0 0 0 41.867226 -87.615355
19 0 6 1 9 0 1 41.874640 -87.657030
15 0 5 0 14 0 0 41.902345 -87.725074
15 0 5 0 4 0 1 41.733669 -87.558342
16 0 6 2 8 1 1 41.869375 -87.655440
15 0 3 6 3 6 1 41.794020 -87.685770
11 1 5 0 5 0 0 41.875806 -87.755285
15 0 9 1 10 4 1 41.822377 -87.699754
15 1 4 4 7 1 0 41.927290 -87.785230
15 0 5 0 4 0 0 41.895313 -87.724738
11 0 3 0 5 0 1 41.841707 -87.626938
31 0 3 1 8 1 1 41.889375 -87.627077
15 0 6 1 7 0 1 41.910158 -87.723831
39 1 5 1 0 0 0 41.880958 -87.616743
31 0 3 1 2 1 1 41.889906 -87.634266
11 0 5 2 5 1 1 41.744615 -87.551208
15 0 7 1 8 0 0 41.727140 -87.628860
15 0 4 4 6 2 1 41.766409 -87.565688
43 0 9 3 4 1 1 41.883984 -87.624684
15 0 5 2 3 3 1 41.799494 -87.586450
15 0 1 2 1 5 0 41.902997 -87.683825
15 0 5 0 4 0 0 41.863164 -87.703081
11 0 3 1 5 0 0 41.868563 -87.686234
14 0 6 2 5 4 1 41.704587 -87.681203
15 0 4 8 4 5 0 41.759236 -87.663474
16 0 1 0 2 0 1 41.743070 -87.643700
15 1 2 3 7 1 0 41.896945 -87.621758
11 1 2 0 1 0 0 41.809851 -87.616279
47 0 14 3 9 5 0 41.881032 -87.624084
11 0 5 1 4 3 0 41.895465 -87.706128
23 0 3 5 7 4 0 41.936253 -87.652662
15 0 4 2 7 1 0 41.907066 -87.667252
15 1 5 2 1 4 0 41.982230 -87.708887
15 0 7 0 5 0 1 41.764484 -87.720028
16 1 3 1 5 0 0 41.973540 -87.749550
11 0 3 0 5 1 0 41.849110 -87.695140
15 1 4 1 6 0 0 41.895954 -87.667728
11 0 2 2 2 1 0 41.794853 -87.618691
11 0 2 2 0 1 1 41.992440 -87.728907
15 0 7 1 9 1 0 41.924034 -87.751191
19 0 5 3 1 0 1 41.937582 -87.644098
19 0 5 2 6 4 1 41.794301 -87.601450
27 0 7 2 12 3 0 41.954245 -87.654406
15 0 3 0 0 0 0 41.876268 -87.629155
11 0 2 3 1 3 1 41.965875 -87.700825
11 0 3 1 3 1 1 41.913754 -87.682666
15 1 8 1 0 0 0 41.789830 -87.703100
27 0 5 3 10 1 0 41.940232 -87.652944
15 0 4 3 8 2 1 41.957867 -87.649505
11 0 5 0 8 0 1 41.853534 -87.705073
23 0 7 1 7 5 1 41.965221 -87.658139
15 0 2 3 3 2 0 41.912732 -87.743636
11 0 5 0 4 0 1 41.792930 -87.644990
15 0 5 0 9 0 1 41.793320 -87.730590
27 0 6 3 8 1 0 41.894666 -87.638437
11 1 4 2 4 3 0 41.743360 -87.622844
11 0 3 3 1 4 1 41.946264 -87.731023
11 0 2 0 5 0 1 41.877613 -87.745405
15 0 5 1 5 0 0 41.861267 -87.656625
15 0 3 1 0 2 0 41.968730 -87.696260
11 1 3 1 1 2 0 41.838198 -87.645143
15 0 3 1 2 1 1 41.936497 -87.647539
16 0 1 0 4 0 1 41.717810 -87.535040
15 0 8 0 8 1 1 41.844218 -87.723347
11 0 6 0 7 0 1 42.001785 -87.688829
15 0 5 1 8 2 0 42.032562 -87.679101
11 0 4 1 3 1 1 41.803850 -87.735660
11 0 1 3 3 2 1 41.709990 -87.535500
15 0 0 7 0 8 0 41.712164 -87.667733
15 1 3 2 4 0 0 42.013030 -87.708910
15 0 7 0 11 0 0 41.700121 -87.612260
27 0 4 1 1 7 1 41.877181 -87.627844
39 0 13 1 13 0 1 41.860384 -87.625813
15 0 7 0 9 1 1 41.836966 -87.730502
15 1 4 0 8 0 0 41.934730 -87.784360
15 0 2 2 4 3 0 41.757250 -87.722470
15 1 3 1 4 4 0 41.907221 -87.655618
15 0 5 3 5 3 0 41.967943 -87.739983
15 0 4 1 4 1 0 41.847203 -87.646795
15 1 1 2 0 4 0 41.895436 -87.733482
11 0 1 2 1 1 1 41.961041 -87.705866
19 1 5 3 9 8 0 41.867491 -87.632190
15 0 5 1 5 0 1 41.691319 -87.712886
15 0 4 0 4 1 1 41.862350 -87.715870
11 0 4 1 5 1 1 41.880850 -87.727907
15 0 4 2 1 0 0 41.953260 -87.807140
11 0 4 0 3 1 0 41.885502 -87.716866
11 0 2 0 1 0 1 41.884336 -87.658902
15 0 2 0 6 0 1 41.909539 -87.733852
11 0 4 0 5 0 0 41.768938 -87.652934
11 0 6 0 6 0 1 41.758768 -87.566440
15 0 5 0 6 0 1 41.854064 -87.715117
7 0 4 0 4 0 1 41.894887 -87.774704
27 0 3 2 2 0 1 41.882752 -87.641190
19 0 2 0 5 0 1 41.886875 -87.626030
15 0 5 2 9 0 1 41.931931 -87.677856
23 0 6 2 6 0 0 41.893914 -87.641736
15 1 3 0 5 1 0 41.877161 -87.706134
27 0 4 3 7 4 1 41.878119 -87.643948
11 0 3 0 3 1 1 41.877917 -87.735737
11 0 0 6 1 0 1 41.990236 -87.693370
31 0 5 3 7 4 0 41.889177 -87.638506
15 0 3 1 4 1 1 41.722291 -87.578968
11 0 2 1 2 0 0 41.766493 -87.586461
19 0 3 1 4 0 1 41.884081 -87.656921
19 0 8 2 12 3 0 42.015962 -87.668570
15 0 2 2 6 4 1 41.882664 -87.632530
11 0 3 3 0 4 0 41.914166 -87.716755
11 1 1 2 2 4 0 41.756971 -87.624621
15 0 3 2 0 5 1 41.870257 -87.639474
19 0 6 2 7 0 0 41.874749 -87.686445
15 0 9 2 5 4 0 42.023463 -87.699595
20 0 7 2 8 4 0 41.872229 -87.661364
15 0 4 2 3 0 1 41.918084 -87.643749
43 0 8 6 5 6 0 41.897764 -87.642884
27 0 4 1 9 3 1 41.888716 -87.644448
15 1 3 0 1 0 0 41.752205 -87.663699
15 0 2 0 2 0 0 41.670644 -87.622586
11 0 3 1 3 0 1 41.751820 -87.565211
15 1 2 3 3 0 0 41.975633 -87.701419
31 0 15 4 8 0 0 41.923931 -87.635825
15 0 4 1 5 0 1 41.870816 -87.631246
11 0 4 1 3 0 1 41.854687 -87.630853
16 0 3 1 8 0 0 41.702660 -87.535640
15 0 8 3 8 4 0 41.945950 -87.778880
16 0 5 1 3 1 0 41.910983 -87.638525
23 0 5 1 8 0 1 41.877768 -87.624164
23 0 3 9 11 8 1 41.994780 -87.660285
31 0 2 3 0 2 1 41.883380 -87.641170
15 1 1 4 2 5 0 41.944800 -87.799320
15 0 9 0 8 1 1 41.764748 -87.693121
31 0 3 4 2 3 1 41.878317 -87.640981
15 0 1 2 1 1 0 41.785446 -87.623726
15 0 4 0 3 0 0 41.807690 -87.724720
11 0 3 0 0 0 1 41.766638 -87.576450
16 0 4 2 5 1 0 41.954365 -87.647929
15 0 3 3 2 0 1 41.961068 -87.695439
19 0 6 4 2 5 0 41.895687 -87.677135
15 0 6 1 7 0 0 41.901920 -87.771780
16 0 4 0 4 0 1 41.710110 -87.681980
11 0 6 0 8 1 1 41.988117 -87.703175
15 0 6 0 7 0 1 41.792960 -87.780520
12 0 5 0 0 0 0 41.985500 -87.768200
16 0 2 1 2 0 1 41.714140 -87.654700
39 0 10 3 7 0 1 41.903322 -87.632999
19 0 6 1 1 0 0 41.872732 -87.633516
11 0 5 0 1 3 0 41.801832 -87.645214
15 0 6 2 8 4 1 41.966686 -87.708052
19 0 5 1 8 1 0 41.892592 -87.617289
11 0 3 1 5 0 1 41.907781 -87.685854
23 0 6 2 11 0 0 41.869265 -87.673731
11 1 2 1 9 2 0 41.957081 -87.664199
16 0 4 1 4 2 0 41.731800 -87.552430
15 0 2 4 1 5 0 41.886827 -87.658937
11 0 4 1 4 0 0 42.004040 -87.704730
15 0 8 0 13 0 1 41.718703 -87.597036
11 1 3 1 4 1 0 41.769062 -87.644614
15 0 2 0 1 1 1 41.813130 -87.625850
15 0 2 2 7 3 1 41.684595 -87.670708
15 0 5 1 2 0 1 42.004451 -87.672402
15 0 3 0 3 0 1 41.930962 -87.769886
12 0 0 4 1 4 0 41.692540 -87.633740
15 0 5 0 6 0 1 41.691774 -87.530431
12 1 4 2 5 2 0 41.973420 -87.778650
15 0 5 2 7 0 0 41.859073 -87.707893
19 0 3 2 7 0 0 41.913865 -87.648755
27 0 5 0 9 0 0 41.875885 -87.640795
43 1 2 4 1 2 0 41.882409 -87.639767
15 0 2 7 4 4 0 41.953107 -87.774733
19 0 4 2 9 0 1 41.940775 -87.639192
15 1 4 2 5 5 0 41.905840 -87.754860
19 0 3 2 5 4 1 41.879356 -87.629791
15 0 1 2 1 6 1 41.807620 -87.730840
27 0 4 1 4 0 1 41.838556 -87.608218
15 1 5 1 7 0 0 42.010587 -87.662412
15 0 6 1 8 1 1 41.707170 -87.618472
15 0 3 2 4 0 1 41.854967 -87.675700
15 0 3 0 4 0 1 41.771611 -87.693331
15 0 1 0 3 0 0 41.975410 -87.724520
11 1 1 5 2 2 0 41.692395 -87.700961
23 0 6 3 7 4 1 41.902893 -87.687275
15 0 4 3 8 0 1 41.979762 -87.677530
20 0 6 1 7 0 1 41.838676 -87.608832
11 0 1 5 5 5 1 41.743441 -87.604836
15 0 7 1 6 1 0 41.922369 -87.739024
11 1 3 1 0 1 0 41.852619 -87.626488
11 0 7 0 7 0 0 42.004550 -87.680666
23 0 8 1 0 1 0 41.892394 -87.676885
19 0 2 0 5 1 1 41.886349 -87.617517
15 1 6 0 8 0 0 41.824600 -87.616780
15 0 5 1 3 3 0 41.843580 -87.645368
16 1 5 0 5 0 0 41.684990 -87.659910
15 1 6 0 12 0 0 41.709581 -87.590234
11 0 2 0 0 0 1 41.821680 -87.621600
19 0 4 1 5 0 1 41.907993 -87.631501
15 0 3 2 5 3 0 41.918216 -87.656936
11 1 3 0 3 0 0 41.742805 -87.680177
15 0 4 0 2 0 0 41.944850 -87.824230
19 1 4 1 4 0 0 41.891578 -87.648384
15 0 3 0 1 0 0 41.942275 -87.766950
19 0 4 4 10 0 1 41.961588 -87.666036
11 0 1 4 3 0 0 41.994161 -87.689438
23 0 5 0 8 0 1 41.903222 -87.634324
15 0 5 0 6 0 1 41.836720 -87.723030
23 1 11 0 7 1 0 41.912919 -87.664169
11 0 2 1 4 1 1 41.796642 -87.625923
11 0 3 0 3 0 1 41.874410 -87.726092
15 0 2 6 4 8 1 41.684932 -87.645289
7 0 0 3 0 3 0 41.799659 -87.657195
15 0 4 2 8 0 1 41.967968 -87.650001
7 0 1 3 2 4 1 41.758490 -87.606410
15 0 6 2 9 1 0 41.999245 -87.671249
15 0 7 2 7 1 1 41.856594 -87.627542
11 1 3 1 3 2 0 41.836208 -87.613533
39 1 6 3 6 5 0 41.877708 -87.635321
11 1 4 0 4 1 0 41.751290 -87.597600
19 0 6 3 8 1 1 41.925858 -87.638973
15 0 6 2 9 0 1 41.861930 -87.693450
15 0 1 6 1 5 0 41.737336 -87.548515
15 0 2 0 0 1 1 41.876203 -87.624464
11 1 4 1 7 2 0 41.765719 -87.604960
12 1 3 1 1 2 0 41.849200 -87.675640
16 0 0 2 0 1 1 41.685070 -87.633610
15 0 4 0 1 0 1 41.774910 -87.728830
19 0 5 2 5 1 0 41.894556 -87.653449
35 0 6 8 7 16 0 41.878166 -87.631929
19 0 4 4 3 6 1 41.925566 -87.658416
55 0 8 1 0 0 1 41.865312 -87.617867
15 0 0 0 1 0 0 41.685877 -87.573824
19 1 4 2 7 0 0 41.909668 -87.648128
12 0 2 0 2 0 0 41.699220 -87.658690
16 1 9 0 9 0 0 41.698150 -87.621110
15 0 2 4 4 8 0 41.924091 -87.676460
11 0 4 1 3 2 1 41.953733 -87.740569
11 1 4 1 7 1 0 41.799336 -87.600958
15 1 5 2 9 2 0 42.050491 -87.677821
11 0 2 3 1 2 0 41.943403 -87.679618
11 0 2 1 2 4 1 41.819102 -87.643278
16 0 6 2 10 1 1 41.853214 -87.631872
39 0 16 2 6 3 0 41.911722 -87.626804
31 1 10 1 10 1 0 41.875024 -87.633094
15 0 4 1 7 3 1 41.967081 -87.679076
15 0 4 1 4 2 1 41.917108 -87.710221
15 0 4 4 6 4 1 41.691710 -87.610002
15 0 7 0 5 2 0 41.931790 -87.739340
35 1 6 3 2 5 0 41.875933 -87.630585
15 1 3 1 0 3 0 41.931320 -87.638742
11 0 1 3 0 6 0 41.741966 -87.736179
16 0 1 3 1 3 1 41.663880 -87.622000
11 1 1 4 3 6 0 41.808390 -87.656526
15 0 6 2 5 3 0 41.973287 -87.654760
15 0 4 1 5 0 1 41.902924 -87.637715
15 1 2 5 1 3 0 41.983593 -87.669154
15 0 4 1 5 1 1 41.939478 -87.663748
15 1 3 1 10 1 0 41.896617 -87.628579
31 0 11 3 4 0 1 41.918306 -87.636282
15 0 3 0 1 1 1 41.883165 -87.651100
31 0 3 7 1 10 1 41.873061 -87.669135
16 1 3 1 4 3 0 41.918296 -87.652183
11 0 2 1 5 0 1 41.933140 -87.647760
11 1 4 1 4 0 0 41.784071 -87.614484
12 1 3 2 4 3 0 41.677640 -87.641740
15 0 4 0 4 0 1 41.808490 -87.696730
7 0 1 0 1 0 0 41.844531 -87.715922
15 0 3 1 2 0 1 41.906866 -87.626217
7 0 3 0 4 0 0 41.894745 -87.756895
15 0 0 0 0 0 0 41.737848 -87.644900
15 0 5 0 3 0 1 41.927957 -87.735952
15 0 5 1 7 0 1 41.854184 -87.619154
32 1 7 2 3 0 0 41.932418 -87.652705
12 0 2 1 1 0 1 41.914320 -87.755720
11 0 2 0 4 1 1 41.802295 -87.618054
19 0 3 1 3 1 1 41.788746 -87.601334
15 1 2 1 8 0 0 41.830777 -87.632504
12 0 4 0 7 0 1 41.996360 -87.786740
15 0 5 0 5 0 0 41.934910 -87.766772
15 0 2 1 1 2 1 41.740407 -87.721907
15 1 5 0 5 1 0 41.707250 -87.607663
11 0 4 0 5 0 0 41.856802 -87.633879
16 0 0 3 1 2 0 41.689050 -87.620790
19 1 6 2 4 0 0 41.880419 -87.655519
15 0 0 0 4 1 1 41.790310 -87.688880
15 0 6 2 8 0 0 41.930980 -87.801060
12 1 6 0 7 0 0 41.877500 -87.697400
15 0 3 1 9 1 1 41.891847 -87.620580
19 0 6 4 6 2 1 41.984044 -87.652281
15 0 4 0 4 0 0 41.681001 -87.537931
15 1 5 1 7 5 0 41.800940 -87.686760
19 0 2 3 2 5 0 41.886871 -87.648089
15 0 3 3 6 1 0 41.935337 -87.716889
15 0 8 0 8 0 1 42.004448 -87.698597
15 0 4 1 1 1 1 41.947326 -87.717582
11 1 2 1 6 0 0 41.794982 -87.633124
23 0 3 4 0 0 0 41.908815 -87.677194
15 0 5 3 5 7 0 41.741170 -87.545180
15 0 8 2 8 2 0 41.718930 -87.551120
19 1 4 3 1 2 0 41.936083 -87.669807
15 1 3 3 3 3 0 41.860770 -87.731360
16 0 3 0 3 0 0 41.703460 -87.620370
11 0 0 0 0 0 1 41.894958 -87.764902
15 1 5 1 5 0 0 41.762520 -87.637340
15 0 6 0 10 1 1 41.816659 -87.619412
12 0 2 2 4 1 1 41.943670 -87.648950
19 0 5 2 5 0 0 41.896362 -87.654061
15 0 3 1 2 1 1 41.898203 -87.637536
16 0 2 3 2 1 1 41.907655 -87.672552
19 0 6 1 4 3 0 41.866501 -87.684697
15 0 1 5 1 4 1 41.786490 -87.697330
23 0 9 2 3 3 0 41.867324 -87.648625
16 0 1 3 2 0 1 41.944540 -87.654678
15 0 5 0 6 2 1 41.986608 -87.718767
15 1 2 7 3 7 0 41.769490 -87.722920
16 0 3 4 4 3 1 41.800950 -87.711040
11 0 2 1 5 2 1 41.816499 -87.606582
15 1 3 3 3 1 0 41.794390 -87.711320
15 1 2 8 3 6 0 41.902393 -87.733598
11 0 2 1 2 0 0 41.885928 -87.735410
31 0 11 6 9 6 1 41.928999 -87.708030
15 0 3 2 6 0 0 41.857950 -87.640826
15 0 5 1 8 3 1 41.909769 -87.705280
16 0 2 0 2 0 0 41.722600 -87.556920
19 0 7 2 1 8 1 41.903029 -87.697474
19 0 6 1 8 1 0 41.906724 -87.634830
11 0 5 0 4 0 0 41.773458 -87.585340
11 0 5 0 7 0 0 42.012342 -87.688243
15 0 8 0 9 0 0 42.064854 -87.715297
11 0 3 1 5 1 0 41.743116 -87.614800
23 0 8 1 9 1 0 41.903486 -87.643353
15 1 1 0 1 0 0 41.705308 -87.629217
15 0 5 0 1 2 0 41.871467 -87.640949
11 1 4 0 5 0 0 42.019276 -87.684520
19 0 5 1 12 0 0 41.785097 -87.601073
11 1 5 0 5 1 0 41.779835 -87.634774
15 0 3 3 3 5 0 41.994180 -87.699560
11 0 1 3 2 6 0 41.717878 -87.564592
12 0 1 0 8 0 0 41.913754 -87.682666
15 1 2 3 4 4 0 41.838464 -87.635406
27 0 6 2 4 0 0 41.949399 -87.654529
15 1 7 0 4 1 0 41.809443 -87.591875
15 0 7 0 4 2 0 41.794990 -87.723610
15 0 3 2 6 2 0 41.939041 -87.754197
15 0 3 2 7 1 0 41.948797 -87.675278
11 0 2 3 1 0 0 41.939408 -87.723574
11 0 2 2 3 3 0 41.753174 -87.605026
15 0 5 1 5 1 0 42.007972 -87.665502
11 0 1 0 1 2 0 41.809318 -87.633449
15 0 2 5 6 6 0 41.728204 -87.549700
15 0 5 1 3 10 0 41.865054 -87.656959
15 0 1 2 1 2 0 41.687590 -87.655410
23 0 9 2 11 0 0 41.877726 -87.654787
15 0 5 0 5 0 0 41.813110 -87.748690
15 0 7 0 5 0 0 42.018901 -87.690048
15 0 3 4 2 3 0 41.963004 -87.684781
11 0 3 0 5 0 0 41.843680 -87.694969
31 0 9 1 11 1 0 41.891466 -87.626761
23 0 2 1 0 0 0 41.885637 -87.641823
19 1 4 2 8 0 0 41.940106 -87.645451
15 1 2 2 0 5 0 41.704926 -87.656868
23 0 5 4 3 3 0 41.931248 -87.644336
15 0 3 4 1 5 0 41.946655 -87.683359
15 0 2 5 2 2 0 41.935880 -87.678420
15 0 3 5 10 1 0 41.984045 -87.660274
15 1 8 1 4 0 0 42.063598 -87.698730
11 1 2 0 3 4 0 41.880121 -87.763238
39 1 11 3 9 0 0 41.867888 -87.623041
11 0 3 1 8 1 0 41.834900 -87.617930
15 0 9 0 10 0 0 41.865690 -87.771760
15 0 3 2 0 0 0 41.924161 -87.646380
19 1 7 3 7 0 0 41.924816 -87.714495
15 0 6 2 7 2 0 42.057044 -87.686554
15 0 4 0 3 2 0 41.990267 -87.708570
11 0 3 1 6 0 0 41.910215 -87.682352
19 0 4 1 1 0 0 41.898969 -87.629912
11 1 2 2 5 2 0 41.968204 -87.719547
7 0 3 1 3 1 0 41.789697 -87.654698
11 0 3 0 3 2 0 41.866624 -87.694521
15 1 0 4 0 6 0 41.730540 -87.545580
19 1 8 1 13 2 0 41.799455 -87.594778
15 0 5 1 2 2 0 41.864883 -87.647071
15 0 3 0 4 0 0 41.800434 -87.724750
11 0 4 0 5 0 0 41.838842 -87.621857
15 0 3 0 3 0 0 41.741346 -87.713696
15 1 0 1 1 0 0 41.844231 -87.732153
15 0 1 7 1 4 0 41.961500 -87.754890
12 1 3 5 6 5 0 41.939191 -87.737112
15 0 3 2 4 0 0 41.929546 -87.643118
15 0 6 6 4 8 0 41.909175 -87.752255
15 0 2 0 2 0 0 41.804200 -87.720820
7 1 1 1 3 3 0 41.757970 -87.631210
35 0 4 2 4 1 0 41.888243 -87.636390
15 0 5 0 4 1 0 41.742523 -87.702279
15 0 3 8 2 3 0 41.974911 -87.692503
16 0 5 0 5 0 0 41.670960 -87.641540
43 0 14 2 0 0 0 41.872773 -87.623981
19 0 7 1 2 3 0 41.864059 -87.623727
15 1 1 3 1 5 0 41.743717 -87.634088
15 1 3 7 0 10 0 41.937830 -87.807880
15 0 4 1 6 0 0 41.764345 -87.684417
15 0 1 1 4 0 0 41.881425 -87.686632
27 0 2 0 1 1 0 41.882906 -87.639741
11 0 5 1 6 0 0 41.841518 -87.685131
15 0 6 0 7 0 0 41.736815 -87.582801
15 0 2 4 3 7 0 41.737151 -87.572740
15 0 2 5 4 1 0 41.940600 -87.678500
16 0 0 4 0 7 0 41.663380 -87.634290
15 0 4 1 0 0 0 41.857618 -87.619411
11 0 3 0 3 2 0 41.823511 -87.704102
16 1 8 3 5 4 0 41.960560 -87.775880
11 0 1 2 3 2 0 41.762189 -87.559275
23 0 8 2 6 0 0 41.786920 -87.738920
15 0 2 2 8 4 0 41.871994 -87.695811
11 1 1 1 1 3 0 41.749119 -87.704263
19 0 4 1 11 3 0 42.009011 -87.674112
11 1 5 0 4 2 0 41.823465 -87.665577
15 0 4 1 2 1 0 41.879344 -87.631985
11 0 2 1 2 0 0 41.917741 -87.691392
11 0 4 1 6 2 0 41.942427 -87.747315
11 0 2 1 2 0 0 41.855136 -87.654127
15 0 2 2 5 3 0 41.961507 -87.671387
11 1 5 1 4 5 0 41.769293 -87.628196
15 0 10 0 10 1 0 41.735629 -87.665520
23 0 3 2 2 2 0 41.884621 -87.627834
15 0 6 1 4 3 0 41.956004 -87.680161
11 0 3 3 6 1 0 41.943034 -87.687288
11 0 3 0 2 1 0 41.875679 -87.715470
31 0 5 0 4 0 0 41.890573 -87.622072
11 0 2 2 3 2 0 41.895748 -87.620104
15 0 4 2 5 2 0 42.025784 -87.684107
15 0 11 0 11 0 0 41.726799 -87.654290
15 1 1 4 2 5 0 41.928830 -87.668507
15 0 1 1 0 1 0 41.912030 -87.805770
11 0 0 3 0 8 0 41.816208 -87.634819
23 0 6 3 1 3 0 41.949473 -87.646453
15 0 4 2 2 2 0 41.968812 -87.657659
11 0 2 1 2 0 0 41.757120 -87.575839
11 0 6 1 8 0 0 41.844507 -87.701655
15 0 5 2 6 0 0 41.961524 -87.691177
16 0 5 0 4 0 0 41.977320 -87.836740
15 1 4 1 6 0 0 41.867118 -87.641088
15 0 4 0 6 0 0 41.915900 -87.785110
31 0 7 2 9 3 0 41.890762 -87.631697
19 0 7 3 3 1 0 41.938429 -87.698008
15 0 6 0 9 0 0 41.997032 -87.738370
19 0 7 1 10 0 0 41.917513 -87.701809
16 0 0 3 2 2 0 41.868150 -87.727600
11 1 1 0 1 0 0 41.890028 -87.636618
27 0 3 15 0 12 0 41.929465 -87.684158
15 0 3 0 2 0 0 41.822720 -87.689820
19 0 6 1 12 0 0 41.900219 -87.642985
15 0 6 2 8 0 0 41.862378 -87.651062
11 0 3 2 3 6 0 41.902707 -87.709220
15 0 4 2 4 2 0 41.785861 -87.604553
19 1 8 3 7 4 0 41.958494 -87.654966
15 0 3 1 5 1 0 41.834734 -87.625813
11 0 3 1 5 0 0 41.960631 -87.745359
15 1 2 1 2 1 0 41.935150 -87.746360
23 0 7 3 10 0 0 41.915689 -87.634600
19 1 2 1 3 0 0 41.874754 -87.649807
15 0 4 0 8 0 0 41.659150 -87.550762
19 0 3 2 10 3 0 41.953393 -87.732002
16 0 0 4 0 5 0 41.688030 -87.536410
11 1 5 1 3 2 0 42.012037 -87.700437
15 0 4 3 5 0 0 41.950687 -87.668700
27 0 8 2 9 3 0 41.851375 -87.618835
16 0 7 1 11 2 0 41.684760 -87.651960
15 0 5 0 5 0 0 41.719820 -87.535420
15 1 1 3 1 3 0 41.765230 -87.703160
11 0 2 2 3 3 0 41.816440 -87.724800
11 1 3 1 6 2 0 41.961108 -87.728970
19 0 7 1 10 0 0 41.791610 -87.587480
19 0 6 2 5 1 0 41.920330 -87.693090
23 1 6 2 7 0 0 41.961670 -87.654640
15 0 4 1 3 0 0 41.913688 -87.652855
15 0 3 1 2 0 0 41.899620 -87.668410
15 0 4 3 5 7 0 42.039742 -87.699413
11 0 7 0 7 0 0 41.887944 -87.774273
11 0 3 0 6 0 0 41.758670 -87.586883
11 0 3 1 5 0 0 42.016977 -87.677725
15 0 5 1 10 1 0 41.809835 -87.599383
11 0 2 0 2 0 0 41.750940 -87.613790
15 0 1 7 1 9 0 41.901900 -87.763890
19 0 6 2 12 0 0 41.968885 -87.684001
15 0 7 0 8 2 0 41.982765 -87.738094
16 0 0 5 0 5 0 41.699890 -87.627850
15 1 3 4 1 6 0 41.960810 -87.764880
15 0 5 2 10 3 0 41.853796 -87.695823
16 0 3 2 11 1 0 41.910522 -87.653106
23 0 2 1 0 4 0 41.890173 -87.626185
31 0 11 4 8 1 0 41.926277 -87.630834
15 0 4 0 6 0 0 41.854109 -87.685838
11 1 6 0 7 0 0 41.783189 -87.654372
19 0 3 1 2 0 0 41.912133 -87.634656
16 0 0 7 0 6 0 41.737930 -87.530910
15 0 2 0 1 2 0 41.734929 -87.731187
23 1 5 3 8 0 0 41.903010 -87.668770
15 0 3 2 10 0 0 41.891795 -87.658751
15 0 2 2 5 0 0 41.874255 -87.639573
20 0 2 4 5 8 0 41.991800 -87.674890
15 0 0 0 0 0 0 41.692110 -87.648900
24 0 4 3 2 0 0 41.945529 -87.646439
11 0 3 0 6 3 0 41.873600 -87.704871
15 1 3 3 0 8 0 41.879434 -87.635504
12 0 4 0 4 0 0 41.869630 -87.710550
19 0 5 3 6 1 0 41.943739 -87.664020
11 0 3 0 5 0 0 41.744123 -87.599034
15 0 5 2 3 1 0 41.772030 -87.684637
15 0 6 1 4 0 0 41.918491 -87.697423
19 0 3 0 10 0 0 41.896750 -87.630890
16 0 7 0 8 0 0 41.721260 -87.650050
28 1 5 2 12 4 0 41.894795 -87.634374
15 1 3 4 3 3 0 41.729285 -87.611032
11 0 3 1 3 1 0 41.830105 -87.670298
11 1 3 1 4 1 0 41.975672 -87.709261
19 0 3 6 3 4 0 41.973348 -87.667855
15 0 5 2 6 1 0 41.802170 -87.748940
15 0 3 1 3 1 0 41.830707 -87.641255
15 0 6 0 7 1 0 41.809855 -87.606755
11 1 5 0 2 0 0 41.823192 -87.676597
24 0 4 1 6 3 0 41.896790 -87.635640
11 0 5 0 4 0 0 41.826712 -87.683144
12 0 0 3 0 1 0 41.984746 -87.701593
2 0 0 0 0 0 0 41.849956 -87.716712
2 0 0 0 0 0 0 41.990327 -87.795356
2 0 0 0 0 0 0 41.809085 -87.627384
2 0 0 0 0 0 0 41.755786 -87.654054
1 0 0 0 0 0 0 41.735560 -87.651701
8 0 0 1 0 0 0 41.957740 -87.688273
120 0 0 1 0 0 0 41.950500 -87.659300
2 0 0 0 0 0 0 41.900105 -87.696817
10 1 0 1 0 4 0 41.703776 -87.701395
1 1 0 0 0 0 0 41.753637 -87.643918
1 0 0 0 0 0 0 41.822897 -87.704154
2 0 0 0 0 0 0 41.872849 -87.753432
8 0 0 1 0 4 0 41.653564 -87.617054
4 0 0 0 0 0 0 41.999522 -87.760490
1 0 0 0 0 0 0 41.902050 -87.753050
2 1 0 0 0 0 0 41.762265 -87.585469
2 1 0 0 0 0 0 41.742067 -87.731554
6 1 0 0 0 0 0 41.799468 -87.584206
12 1 0 9 0 1 0 41.979461 -87.693013
1 0 0 0 0 0 0 41.887342 -87.765041
2 0 0 0 0 0 0 41.882994 -87.700036
6 0 0 0 0 0 0 42.009458 -87.704666
1 1 0 0 0 0 0 41.780964 -87.683757
1 0 0 0 0 0 0 41.820147 -87.645680
2 0 0 0 0 0 0 41.802192 -87.615144
1 0 0 0 0 0 0 41.684942 -87.652660
4 0 0 1 0 4 0 41.909281 -87.775613
1 0 0 0 0 0 0 41.872980 -87.763267
3 0 0 0 0 0 0 41.721004 -87.643031
4 1 0 0 0 1 0 41.960607 -87.751635
2 0 0 1 0 0 0 41.937752 -87.721623
4 0 0 0 0 0 0 41.856022 -87.729844
1 0 0 1 0 1 0 41.909329 -87.745838
3 0 0 2 0 0 0 41.966140 -87.737000
5 0 0 0 0 0 0 41.948812 -87.757130
2 1 0 0 0 0 0 41.967386 -87.760170
1 1 0 0 0 0 0 41.938453 -87.771101
2 0 0 0 0 0 0 41.800514 -87.731802
2 0 0 0 0 0 0 42.011463 -87.819010
1 0 0 0 0 0 0 41.688510 -87.642512
4 0 0 1 0 1 0 41.701217 -87.649345
12 0 0 2 0 0 0 41.990660 -87.697075
1 0 0 0 0 0 0 41.723442 -87.643612
1 1 0 0 0 0 0 41.779260 -87.692703
2 1 0 0 0 0 0 41.736037 -87.672691
2 0 0 0 0 0 0 41.817910 -87.724130
12 0 0 3 0 0 0 41.934003 -87.690823
10 0 0 0 0 0 0 41.794344 -87.619062
2 0 0 0 0 0 0 41.947174 -87.730837
2 0 0 0 0 0 0 41.692738 -87.670569
1 0 0 0 0 0 0 41.736995 -87.603968
2 0 0 0 0 1 0 41.982964 -87.711441
1 0 0 0 0 0 0 41.750395 -87.647464
1 1 0 0 0 0 0 41.702870 -87.535861
2 0 0 0 0 0 0 41.799463 -87.759848
4 0 0 0 0 0 0 41.992273 -87.783303
1 0 0 0 0 0 0 41.733044 -87.555652
3 0 0 0 0 0 0 41.705999 -87.653810
1 0 0 0 0 0 0 41.855190 -87.734555
3 0 0 0 0 0 0 41.764225 -87.600166
1 0 0 0 0 0 0 41.749278 -87.575854
1 0 0 0 0 1 0 41.804381 -87.657742
1 0 0 0 0 0 0 41.779484 -87.596028
4 0 0 0 0 0 0 41.953054 -87.688832
1 0 0 0 0 0 0 41.729964 -87.549645
2 0 0 0 0 2 0 41.968578 -87.740568
1 0 0 0 0 0 0 41.779770 -87.652943
1 1 0 0 0 0 0 41.885577 -87.726060
1 1 0 0 0 0 0 41.917211 -87.736136
1 1 0 0 0 0 0 41.811958 -87.664862
1 0 0 0 0 0 0 41.743271 -87.658769
1 1 0 0 0 0 0 41.909623 -87.727951
2 0 0 0 0 0 0 41.748910 -87.703700
2 0 0 0 0 0 0 41.730340 -87.611734
2 0 0 0 0 0 0 41.766366 -87.575287
2 0 0 0 0 0 0 41.938743 -87.763298
2 0 0 0 0 0 0 41.702472 -87.606477
12 0 0 1 0 1 0 41.930736 -87.744082
1 0 0 0 0 0 0 41.822827 -87.616486
4 1 0 3 0 0 0 41.775904 -87.609301
2 0 0 0 0 0 0 41.995502 -87.806967
2 0 0 0 0 0 0 42.011492 -87.818202
6 0 0 0 0 0 0 41.939170 -87.711690
1 0 0 0 0 0 0 41.944068 -87.827302
4 1 0 0 0 0 0 41.774815 -87.728303
1 1 0 0 0 0 0 41.718621 -87.681516
2 0 0 0 0 0 0 41.795118 -87.790519
1 0 0 0 0 0 0 41.698728 -87.681558
12 0 0 2 0 2 0 41.886528 -87.701670
2 0 0 0 0 0 0 41.745834 -87.631562
2 0 0 0 0 0 0 41.765537 -87.617305
1 0 0 0 0 0 0 41.866212 -87.718497
2 1 0 0 0 0 0 41.980100 -87.843960
4 0 0 0 0 0 0 41.927944 -87.746639
8 0 0 2 0 0 0 41.943838 -87.671469
1 0 0 0 0 0 0 41.727319 -87.604787
12 1 0 1 0 3 0 41.913959 -87.699368
1 0 0 0 0 0 0 41.729510 -87.603739
13 0 0 2 0 7 0 41.705846 -87.717074
1 0 0 0 0 0 0 41.677629 -87.637554
2 0 0 0 0 0 0 41.903500 -87.720400
1 0 0 0 0 0 0 41.713311 -87.631095
1 0 0 0 0 0 0 41.766333 -87.576154
2 1 0 0 0 0 0 41.795696 -87.763475
2 0 0 0 0 0 0 41.982886 -87.790461
2 0 0 0 0 0 0 41.777436 -87.644535
2 0 0 1 0 2 0 41.717059 -87.559986
4 1 0 0 0 0 0 41.760696 -87.702380
4 1 0 0 0 0 0 41.858674 -87.722384
1 0 0 0 0 0 0 41.736448 -87.606160
2 1 0 0 0 0 0 41.889161 -87.765738
2 0 0 0 0 0 0 41.753451 -87.707037
4 0 0 1 0 0 0 41.756003 -87.644090
12 0 0 2 0 3 0 41.809340 -87.747831
2 0 0 0 0 0 0 41.951708 -87.790746
3 0 0 0 0 0 0 41.909264 -87.782265
2 1 0 0 0 0 0 41.721696 -87.622278
2 0 0 0 0 0 0 41.905317 -87.709521
12 0 0 1 0 0 0 41.933886 -87.707262
1 0 0 0 0 0 0 41.779945 -87.641378
2 0 0 0 0 0 0 41.721215 -87.647435
1 0 0 0 0 0 0 41.751448 -87.601136
1 0 0 0 0 0 0 41.749095 -87.679637
1 0 0 0 0 0 0 41.921425 -87.800825
1 0 0 0 0 0 0 41.785235 -87.703131
8 0 0 1 0 3 0 41.815491 -87.702441
4 1 0 0 0 0 0 42.011774 -87.807665
12 0 0 1 0 0 0 41.954189 -87.704448
1 1 0 0 0 0 0 41.794886 -87.617415
2 0 0 0 0 1 0 41.708380 -87.581455
8 0 0 0 0 0 0 41.776586 -87.782075
1 0 0 0 0 0 0 41.741897 -87.543162
1 0 0 0 0 0 0 41.751058 -87.611439
4 0 0 0 0 0 0 41.992788 -87.799284
1 1 0 0 0 0 0 41.736063 -87.622952
12 0 0 3 0 4 0 41.870959 -87.700259
1 1 0 0 0 0 0 41.816847 -87.613294
2 1 0 0 0 0 0 41.788263 -87.703576
2 0 0 0 0 0 0 41.977363 -87.836748
2 0 0 0 0 0 0 41.745283 -87.692588
120 0 0 0 0 0 0 41.949100 -87.659300
16 0 0 7 0 10 0 41.779953 -87.717822
2 0 0 0 0 0 0 41.726942 -87.654896
2 1 0 0 0 1 0 41.977894 -87.756315
4 0 0 0 0 0 0 41.974343 -87.750387
4 1 0 0 0 0 0 41.956259 -87.750766
8 1 0 1 0 3 0 41.884606 -87.685853
1 1 0 0 0 0 0 41.930980 -87.799440
1 0 0 0 0 0 0 41.735607 -87.645345
1 0 0 0 0 0 0 41.968300 -87.709435
2 0 0 0 0 0 0 41.985683 -87.777065
10 1 0 0 0 0 0 41.822632 -87.695024
1 1 0 0 0 0 0 41.743346 -87.550582
1 0 0 0 0 0 0 41.691979 -87.534912
2 1 0 0 0 0 0 41.870765 -87.718373
2 0 0 0 0 1 0 41.925734 -87.746414
2 0 0 0 0 0 0 41.989826 -87.780929
1 1 0 0 0 0 0 41.751630 -87.558707
2 0 0 0 0 0 0 41.877684 -87.769356
6 0 0 0 0 0 0 41.921325 -87.722375
1 0 0 0 0 0 0 41.885891 -87.706425
1 1 0 0 0 0 0 41.750326 -87.661680
9 1 0 1 0 0 0 41.883043 -87.649931
2 0 0 0 0 0 0 41.764330 -87.701930
1 0 0 0 0 0 0 41.748175 -87.644238
2 0 0 0 0 0 0 41.813590 -87.704780
2 0 0 0 0 0 0 41.775267 -87.669156
4 0 0 0 0 0 0 41.978710 -87.755520
1 0 0 0 0 1 0 41.759439 -87.654146
1 0 0 0 0 0 0 41.706205 -87.668965
2 0 0 0 0 1 0 41.743244 -87.702124
1 0 0 0 0 0 0 41.866103 -87.724463
120 0 0 6 0 0 0 41.944900 -87.654600
2 0 0 0 0 0 0 41.967618 -87.739567
1 0 0 0 0 0 0 41.808884 -87.675130
1 0 0 0 0 0 0 41.712937 -87.653984
1 1 0 0 0 0 0 41.738473 -87.585851
6 0 0 2 0 3 0 41.917805 -87.653449
5 1 0 0 0 0 0 41.991900 -87.799160
1 0 0 1 0 1 0 41.704280 -87.593130
12 0 0 0 0 0 0 41.922705 -87.760954
1 0 0 0 0 0 0 41.736354 -87.626741
2 0 0 0 0 0 0 41.852642 -87.721030
2 0 0 0 0 0 0 41.746488 -87.673132
42 1 0 0 0 0 0 41.883160 -87.637360
1 0 0 0 0 0 0 41.743027 -87.666272
9 1 0 0 0 0 0 41.927860 -87.735756
1 0 0 0 0 1 0 41.964864 -87.720774
3 0 0 1 0 0 0 41.805218 -87.609076
12 0 0 4 0 5 0 41.953038 -87.762163
2 0 0 0 0 0 0 41.902540 -87.710850
1 1 0 0 0 0 0 41.702610 -87.533531
12 0 0 2 0 0 0 41.899578 -87.689497
12 1 0 6 0 6 0 41.939011 -87.749283
1 0 0 0 0 0 0 41.735820 -87.646896
1 0 0 0 0 0 0 41.720634 -87.535170
4 0 0 0 0 0 0 41.965838 -87.782234
1 0 0 0 0 0 0 41.895460 -87.708093
1 0 0 0 0 0 0 42.012207 -87.700474
1 0 0 0 0 0 0 41.924447 -87.739980
3 0 0 0 0 0 0 41.854338 -87.715158
7 1 0 0 0 0 0 41.991267 -87.746924
2 0 0 0 0 0 0 41.908816 -87.736463
2 0 0 0 0 0 0 41.938022 -87.796100
4 0 0 0 0 0 0 41.975635 -87.712676
2 1 0 0 0 0 0 41.792142 -87.785406
1 1 0 0 0 0 0 41.651419 -87.547321
1 0 0 0 0 0 0 41.692303 -87.635478
2 0 0 0 0 0 0 41.691610 -87.681523
8 0 0 2 0 3 0 41.811390 -87.704005
1 1 0 0 0 0 0 41.720921 -87.669585
1 0 0 0 0 0 0 41.997575 -87.704649
2 0 0 0 0 0 0 41.991146 -87.799104
2 0 0 0 0 0 0 41.778442 -87.730470
1 1 0 0 0 0 0 41.942201 -87.813168
4 1 0 0 0 0 0 41.990217 -87.732306
1 0 0 0 0 0 0 41.778761 -87.726892
2 1 0 0 0 0 0 41.980931 -87.761302
2 0 0 0 0 0 0 41.721188 -87.678786
2 0 0 0 0 0 0 41.778768 -87.725957
1 1 0 0 0 0 0 41.785894 -87.738031
1 0 0 0 0 0 0 41.750057 -87.682777
2 0 0 0 0 1 0 41.784872 -87.647482
2 0 0 0 0 0 0 41.757262 -87.722366
2 0 0 0 0 0 0 41.923780 -87.784400
1 0 0 0 0 0 0 41.797244 -87.723377
1 1 0 0 0 0 0 41.921251 -87.776662
12 0 0 2 0 2 0 41.909717 -87.770204
3 0 0 3 0 2 0 41.972642 -87.739239
120 0 0 1 0 0 0 41.946600 -87.656100
3 1 0 0 0 0 0 41.684970 -87.633848
1 0 0 0 0 0 0 41.707665 -87.608695
2 0 0 0 0 0 0 41.773551 -87.722805
1 1 0 0 0 0 0 41.744345 -87.575043
8 0 0 0 0 0 0 41.834108 -87.675590
2 0 0 0 0 0 0 41.952133 -87.833817
12 0 0 0 0 0 0 41.808071 -87.721220
2 0 0 0 0 0 0 41.745416 -87.708940
1 0 0 0 0 0 0 41.735828 -87.606981
2 0 0 0 0 0 0 41.843636 -87.701931
4 0 0 0 0 0 0 41.750806 -87.682722
2 0 0 0 0 0 0 41.997463 -87.764063
2 1 0 0 0 0 0 41.990637 -87.816938
5 0 0 0 0 0 0 41.942196 -87.776472
2 1 0 0 0 0 0 41.791198 -87.671949
2 0 0 0 0 0 0 41.947562 -87.829311
1 0 0 0 0 0 0 41.758905 -87.562188
1 1 0 0 0 0 0 41.678349 -87.680919
4 0 0 0 0 0 0 41.792901 -87.780244
2 0 0 0 0 0 0 41.792303 -87.788789
2 1 0 0 0 1 0 41.968214 -87.719541
1 0 0 0 0 0 0 41.707061 -87.615309
2 0 0 0 0 0 0 41.692883 -87.701048
1 0 0 0 0 0 0 41.868062 -87.715390
12 1 0 0 0 0 0 41.904035 -87.721563
2 0 0 0 0 0 0 41.741382 -87.702345
3 0 0 0 0 0 0 41.733410 -87.544540
1 0 0 0 0 0 0 41.691665 -87.681022
2 0 0 0 0 0 0 41.773095 -87.612886
2 0 0 0 0 0 0 41.814445 -87.616265
3 0 0 0 0 0 0 41.913547 -87.798760
2 1 0 0 0 0 0 41.982873 -87.719594
1 0 0 0 0 0 0 41.708400 -87.563190
4 0 0 0 0 0 0 41.688117 -87.536550
1 0 0 0 0 0 0 41.699008 -87.542833
1 0 0 0 0 0 0 41.716172 -87.604350
12 0 0 1 0 2 0 41.868114 -87.710926
2 0 0 0 0 1 0 41.766206 -87.562789
2 0 0 0 0 0 0 41.751103 -87.607432
10 1 0 0 0 0 0 41.917668 -87.759553
1 0 0 0 0 0 0 41.751678 -87.570457
12 0 0 2 0 0 0 41.891872 -87.716388
1 0 0 0 0 0 0 41.762613 -87.563819
1 0 0 0 0 0 0 41.811169 -87.664740
120 0 0 4 0 0 0 41.947200 -87.654000
2 0 0 0 0 0 0 41.973600 -87.841098
1 0 0 0 0 0 0 41.703542 -87.536634
1 0 0 0 0 0 0 41.688872 -87.620879
2 0 0 0 0 0 0 41.971722 -87.772288
2 0 0 0 0 0 0 42.000333 -87.812447
1 0 0 0 0 0 0 41.769234 -87.615206
2 1 0 0 0 0 0 41.764315 -87.703028
1 0 0 0 0 0 0 41.812381 -87.644633
2 0 0 0 0 0 0 41.988596 -87.812525
10 0 0 0 0 0 0 41.778404 -87.733951
6 0 0 4 0 5 0 41.958850 -87.781917
1 0 0 0 0 0 0 41.927666 -87.775682
1 0 0 0 0 0 0 41.694835 -87.653041
2 0 0 0 0 0 0 41.715983 -87.637067
1 0 0 0 0 0 0 41.677795 -87.629077
12 0 0 1 0 0 0 41.930178 -87.766122
10 0 0 0 0 0 0 41.721787 -87.624939
1 1 0 0 0 0 0 41.808038 -87.684709
12 0 0 4 0 4 0 41.934586 -87.795961
1 0 0 0 0 0 0 41.793307 -87.707702
1 0 0 0 0 0 0 41.741200 -87.713120
12 0 0 2 0 2 0 41.784186 -87.722564
2 0 0 0 0 0 0 41.703952 -87.681953
10 0 0 0 0 0 0 41.974602 -87.811956
1 0 0 0 0 1 0 41.935245 -87.776052
3 0 0 0 0 0 0 41.780936 -87.787643
2 0 0 0 0 1 0 41.987310 -87.810230
2 1 0 0 0 0 0 41.794560 -87.770920
2 0 0 0 0 0 0 41.755960 -87.663910
2 0 0 0 0 0 0 41.773910 -87.793480
2 0 0 0 0 0 0 41.737389 -87.721334
2 0 0 0 0 0 0 41.757154 -87.741409
1 0 0 0 0 0 0 41.731767 -87.604899
1 0 0 0 0 0 0 41.691578 -87.705842
48 0 0 1 0 12 0 41.880560 -87.635240
2 0 0 0 0 0 0 41.917020 -87.727096
8 0 0 1 0 5 0 41.692639 -87.613674
2 0 0 0 0 0 0 41.968305 -87.730065
1 0 0 0 0 0 0 41.677326 -87.654473
1 1 0 0 0 0 0 41.958373 -87.715685
1 0 0 0 0 0 0 41.735770 -87.648133
1 0 0 0 0 0 0 41.752451 -87.652969
2 0 0 0 0 0 0 41.909614 -87.734722
1 0 0 0 0 0 0 41.872781 -87.713156
1 0 0 0 0 0 0 41.860397 -87.725098
1 0 0 0 0 0 0 41.698022 -87.681175
1 0 0 0 0 0 0 41.736263 -87.596634
2 0 0 0 0 0 0 41.794820 -87.732112
2 0 0 0 0 1 0 41.998983 -87.789560
1 0 0 0 0 0 0 41.776985 -87.702916
2 0 0 0 0 0 0 41.790565 -87.710992
2 0 0 2 0 0 0 41.812900 -87.722500
1 0 0 0 0 0 0 41.735527 -87.663867
1 0 0 0 0 0 0 41.778880 -87.699811
1 0 0 0 0 0 0 41.881838 -87.733661
3 1 0 3 0 3 0 41.780985 -87.683420
1 0 0 0 0 0 0 41.931803 -87.737285
1 0 0 0 0 0 0 41.736881 -87.583146
1 0 0 0 0 1 0 41.740086 -87.604743
2 0 0 0 0 0 0 41.801354 -87.662076
12 0 0 2 0 3 0 41.950244 -87.706489
1 0 0 0 0 0 0 41.895560 -87.706410
1 0 0 0 0 0 0 41.702557 -87.542728
1 0 0 0 0 0 0 41.691669 -87.698507
6 0 0 0 0 0 0 41.780728 -87.587566
2 0 0 0 0 0 0 41.767660 -87.667810
3 0 0 0 0 0 0 41.756444 -87.579556
52 0 0 0 0 0 0 41.879380 -87.632080
3 0 0 0 0 0 0 42.004415 -87.807063
1 0 0 0 0 0 0 41.931541 -87.759040
2 0 0 0 0 0 0 41.780506 -87.607519
32 0 0 0 0 0 0 41.879390 -87.629880
1 0 0 0 0 0 0 41.720562 -87.650971
3 0 0 0 0 0 0 41.766863 -87.611467
2 0 0 0 0 0 0 41.720832 -87.676382
2 0 0 0 0 0 0 41.764396 -87.698106
2 1 0 0 0 0 0 41.993028 -87.821659
2 1 0 0 0 0 0 41.968578 -87.733036
1 0 0 0 0 0 0 41.700576 -87.681294
1 0 0 0 0 0 0 41.700378 -87.535276
4 0 0 0 0 1 0 42.002311 -87.817095
3 0 0 0 0 0 0 41.690092 -87.637636
12 0 0 1 0 1 0 41.939638 -87.705263
2 1 0 0 0 0 0 41.822839 -87.609525
2 1 0 0 0 0 0 41.861493 -87.733404
1 1 0 0 0 0 0 41.708430 -87.560260
2 0 0 0 0 0 0 41.967653 -87.763630
2 1 0 0 0 0 0 41.987024 -87.713970
1 0 0 0 0 0 0 41.691370 -87.704809
1 0 0 0 0 0 0 41.674130 -87.620448
2 0 0 0 0 0 0 41.754442 -87.601745
2 0 0 0 0 0 0 41.691844 -87.534181
10 1 0 0 0 0 0 41.971825 -87.757562
1 0 0 0 0 0 0 41.997764 -87.697221
8 0 0 1 0 3 0 41.802316 -87.734414
1 1 0 0 0 0 0 41.692232 -87.640609
1 1 0 0 0 0 0 41.692645 -87.609758
2 0 0 0 0 0 0 41.880021 -87.770325
12 0 0 1 0 3 0 41.846506 -87.700139
12 0 0 2 0 3 0 41.793279 -87.724189
3 1 0 0 0 0 0 41.754860 -87.723640
1 0 0 0 0 0 0 41.975921 -87.710415
11 1 0 0 0 0 0 41.968277 -87.712629
12 0 0 2 0 3 0 41.912592 -87.768699
3 0 0 0 0 0 0 41.788541 -87.656210
2 0 0 0 0 0 0 41.794209 -87.771615
1 1 0 0 0 0 0 41.779343 -87.686763
2 0 0 0 0 0 0 41.986604 -87.793940
1 0 0 0 0 0 0 41.707940 -87.643177
1 0 0 0 0 0 0 41.982879 -87.710534
1 1 0 0 0 0 0 41.782281 -87.703047
2 1 0 0 0 0 0 41.996997 -87.821342
4 0 0 0 0 0 0 41.968596 -87.761209
1 0 0 0 0 0 0 41.743367 -87.653661
2 0 0 0 0 0 0 41.779660 -87.771414
1 0 0 0 0 0 0 41.788780 -87.779640
2 0 0 0 0 0 0 41.794050 -87.774078
2 0 0 0 0 0 0 41.655692 -87.537595
2 0 0 0 0 0 0 41.792309 -87.792879
3 0 0 0 0 0 0 41.886167 -87.714711
2 1 0 0 0 0 0 41.995579 -87.786399
2 0 0 0 0 0 0 41.749855 -87.707507
7 1 0 6 0 5 0 41.958280 -87.787450
2 0 0 0 0 2 0 41.780621 -87.596033
1 0 0 0 0 0 0 41.923739 -87.785835
12 0 0 1 0 0 0 41.938689 -87.692972
1 0 0 0 0 0 0 41.798015 -87.620745
3 0 0 0 0 0 0 42.011492 -87.812638
1 0 0 0 0 1 0 41.796775 -87.683362
2 1 0 0 0 0 0 41.917047 -87.750008
2 1 0 0 0 1 0 41.749649 -87.721001
2 0 0 0 0 0 0 41.796005 -87.759575
1 0 0 0 0 0 0 41.706863 -87.631674
12 0 0 1 0 0 0 41.912281 -87.677321
1 0 0 0 0 0 0 41.822592 -87.690725
1 1 0 0 0 0 0 41.793040 -87.728214
2 0 0 0 0 0 0 41.777927 -87.787579
2 0 0 0 0 0 0 41.799605 -87.641464
1 0 0 0 0 0 0 41.865608 -87.772389
1 0 0 0 0 0 0 41.932658 -87.766206
2 0 0 0 0 0 0 41.742321 -87.709670
2 0 0 0 0 2 0 41.938201 -87.787415
1 0 0 0 0 0 0 41.736223 -87.626737
1 1 0 0 0 0 0 41.814697 -87.598006
1 0 0 0 0 0 0 41.760817 -87.663499
12 1 0 1 0 4 0 41.938368 -87.772503
2 0 0 0 0 0 0 41.715887 -87.639228
1 0 0 0 0 1 0 41.773259 -87.576664
12 1 0 2 0 5 0 41.842650 -87.704010
1 0 0 0 0 0 0 41.809497 -87.618997
2 0 0 0 0 0 0 41.758930 -87.582861
1 0 0 0 0 0 0 41.702566 -87.559923
1 0 0 0 0 0 0 41.808413 -87.688535
2 1 0 0 0 0 0 41.735690 -87.692172
4 0 0 0 0 0 0 41.983093 -87.711585
2 0 0 0 0 1 0 41.939472 -87.718423
9 1 0 0 0 0 0 41.857989 -87.631945
4 1 0 0 0 0 0 41.946550 -87.719827
5 1 0 0 0 0 0 41.670563 -87.632188
2 0 0 0 0 0 0 41.804487 -87.719584
1 0 0 0 0 0 0 41.811750 -87.707577
1 0 0 0 0 0 0 41.713970 -87.667798
1 0 0 0 0 0 0 41.712353 -87.535450
1 0 0 0 0 0 0 41.844058 -87.729873
2 0 0 0 0 0 0 41.977814 -87.806810
1 0 0 0 0 0 0 41.678227 -87.630775
2 1 0 0 0 0 0 41.778672 -87.774837
12 1 0 6 0 2 0 41.986764 -87.689880
4 1 0 0 0 1 0 41.749300 -87.739580
1 0 0 0 0 0 0 41.941612 -87.732372
10 0 0 0 0 0 0 41.656961 -87.548521
1 0 0 0 0 0 0 41.704373 -87.535440
3 0 0 0 0 0 0 41.737150 -87.573190
1 1 0 0 0 0 0 41.873008 -87.725252
2 0 0 0 0 0 0 41.739986 -87.617645
2 0 0 0 0 0 0 41.995652 -87.716328
3 1 0 0 0 0 0 41.718957 -87.620670
4 0 0 2 0 3 0 41.952869 -87.780728
2 0 0 0 0 0 0 41.772068 -87.621686
1 0 0 0 0 0 0 41.780581 -87.574562
1 0 0 0 0 0 0 41.795222 -87.703719
2 0 0 0 0 0 0 41.794199 -87.771388
1 0 0 0 0 0 0 41.682400 -87.681048
2 0 0 0 0 0 0 41.816430 -87.644754
2 1 0 0 0 0 0 41.975563 -87.717352
1 1 0 0 0 0 0 41.870095 -87.706243
1 0 0 0 0 0 0 41.728122 -87.648524
1 0 0 0 0 0 0 41.866490 -87.710786
2 0 0 0 0 0 0 41.764196 -87.720111
2 0 0 0 0 0 0 41.997456 -87.761912
2 1 0 0 0 0 0 41.967912 -87.752496
1 0 0 0 0 0 0 41.677708 -87.638711
1 0 0 0 0 0 0 41.705444 -87.701232
1 1 0 0 0 0 0 41.778411 -87.733387
2 0 0 0 0 0 0 41.728525 -87.608231
2 0 0 0 0 0 0 41.953449 -87.729635
2 0 0 0 0 0 0 41.774045 -87.594322
1 0 0 0 0 0 0 41.691970 -87.681659
1 1 0 0 0 0 0 41.989290 -87.711820
2 0 0 0 0 0 0 41.975596 -87.783484
2 0 0 0 0 0 0 41.931230 -87.711501
2 0 0 0 0 0 0 41.749218 -87.704409
4 0 0 0 0 0 0 41.790399 -87.780044
1 0 0 0 0 0 0 41.722280 -87.584943
1 1 0 0 0 0 0 41.849437 -87.724879
6 0 0 0 0 0 0 41.863516 -87.679749
12 0 0 2 0 2 0 41.859228 -87.695562
2 1 0 0 0 0 0 41.990159 -87.747183
2 1 0 0 0 0 0 41.691359 -87.685720
1 1 0 0 0 0 0 41.736093 -87.669404
4 0 0 0 0 0 0 41.965413 -87.772424
1 0 0 0 0 0 0 41.707257 -87.627826
2 0 0 0 0 0 0 41.739304 -87.669085
1 0 0 0 0 0 0 41.706747 -87.700047
2 0 0 0 0 0 0 41.711666 -87.681963
1 0 0 0 0 0 0 41.812343 -87.666239
1 1 0 0 0 0 0 41.990234 -87.715634
1 1 0 0 0 0 0 41.800111 -87.723537
1 1 0 0 0 0 0 41.702616 -87.538744
52 0 0 0 0 0 0 41.878160 -87.632040
2 0 0 0 0 0 0 42.012344 -87.695383
2 0 0 0 0 0 0 41.967912 -87.713435
1 0 0 0 0 0 0 41.666395 -87.619933
3 0 0 0 0 0 0 41.993871 -87.792536
12 0 0 1 0 0 0 41.924691 -87.700550
120 0 0 1 0 0 0 41.947300 -87.659200
1 1 0 0 0 0 0 41.778820 -87.723599
1 0 0 0 0 0 0 41.902820 -87.692397
1 0 0 0 0 0 0 41.707622 -87.603550
2 0 0 0 0 1 0 41.972097 -87.708572
2 1 0 0 0 0 0 41.970024 -87.743410
2 1 0 0 0 0 0 41.759876 -87.590638
2 0 0 0 0 0 0 41.778132 -87.763036
1 0 0 0 0 0 0 41.721555 -87.535690
1 0 0 0 0 0 0 41.934997 -87.795777
1 0 0 0 0 0 0 41.880833 -87.720797
12 0 0 2 0 2 0 41.941606 -87.807296
2 0 0 0 0 0 0 41.977231 -87.768973
1 1 0 0 0 0 0 41.750712 -87.629949
2 0 0 0 0 0 0 41.726182 -87.634660
2 0 0 0 0 0 0 41.895030 -87.759917
2 0 0 0 0 1 0 41.715961 -87.535111
2 0 0 0 0 1 0 41.915820 -87.746074
2 1 0 0 0 0 0 41.745827 -87.659849
2 1 0 0 0 1 0 41.945075 -87.820037
2 0 0 0 0 0 0 41.989930 -87.737967
2 1 0 0 0 0 0 41.952874 -87.731229
2 0 0 0 0 0 0 41.980602 -87.806048
1 0 0 0 0 1 0 41.942702 -87.730011
12 0 0 3 0 6 0 41.941499 -87.701051
2 1 0 0 0 0 0 41.725538 -87.681968
2 0 0 0 0 0 0 41.815242 -87.702651
1 0 0 0 0 0 0 41.909866 -87.733990
1 0 0 0 0 0 0 41.655139 -87.597597
2 0 0 0 0 0 0 41.784950 -87.801100
2 1 0 0 0 0 0 41.962522 -87.756006
2 0 0 1 0 1 0 41.985797 -87.728336
2 0 0 0 0 0 0 41.782314 -87.637358
1 0 0 0 0 0 0 41.655201 -87.546942
5 0 0 0 0 0 0 41.784678 -87.795813
4 1 0 0 0 0 0 41.782378 -87.671719
2 0 0 0 0 0 0 41.998481 -87.699850
2 0 0 0 0 0 0 41.997434 -87.762816
1 0 0 0 0 0 0 41.742715 -87.663551
4 0 0 0 0 0 0 41.953139 -87.777118
3 0 0 0 0 0 0 41.892114 -87.746676
6 0 0 1 0 0 0 41.885579 -87.648484
1 0 0 0 0 0 0 41.757028 -87.564972
2 1 0 0 0 0 0 41.960025 -87.767137
1 1 0 0 0 0 0 41.704672 -87.565519
1 1 0 0 0 0 0 41.737054 -87.583998
2 0 0 0 0 0 0 41.659119 -87.597052
2 0 0 0 0 0 0 41.982741 -87.737548
1 0 0 0 0 0 0 41.794809 -87.618907
2 1 0 0 0 0 0 42.011738 -87.808321
2 0 0 0 0 0 0 41.759735 -87.663736
4 1 0 0 0 1 0 41.993771 -87.792563
2 0 0 0 0 0 0 41.993947 -87.725095
2 0 0 0 0 0 0 41.743336 -87.702362
1 1 0 0 0 0 0 41.691596 -87.707397
4 0 0 2 0 3 0 41.988141 -87.791447
4 0 0 0 0 0 0 41.910138 -87.709553
12 0 0 3 0 1 0 41.981246 -87.704892
2 0 0 0 0 0 0 41.966112 -87.759338
2 0 0 0 0 0 0 41.938685 -87.755630
4 0 0 0 0 0 0 42.014539 -87.690136
1 0 0 0 0 0 0 41.691838 -87.642747
1 0 0 0 0 1 0 41.691411 -87.702290
1 1 0 0 0 0 0 41.681128 -87.655064
2 0 0 0 0 0 0 41.989860 -87.742921
34 0 0 0 0 0 0 41.882880 -87.632510
1 0 0 0 0 0 0 41.735465 -87.657585
1 0 0 0 0 0 0 41.741957 -87.604839
2 1 0 0 0 0 0 41.748301 -87.673213
1 0 0 0 0 0 0 41.894681 -87.768156
1 0 0 0 0 0 0 41.938117 -87.811862
2 1 0 0 0 0 0 41.956890 -87.767329
2 0 0 0 0 0 0 41.818640 -87.724280
2 0 0 0 0 0 0 41.693027 -87.701054
1 1 0 0 0 0 0 41.736700 -87.585815
3 0 0 0 0 1 0 41.959040 -87.789660
2 0 0 0 0 0 0 41.976312 -87.787640
1 0 0 0 0 0 0 41.945428 -87.803458
2 0 0 0 0 0 0 41.696967 -87.626143
1 0 0 0 0 0 0 41.722484 -87.565738
1 0 0 0 0 0 0 41.698680 -87.597000
2 0 0 0 0 0 0 41.991496 -87.754447
1 0 0 0 0 0 0 41.694364 -87.620715
1 0 0 0 0 0 0 41.809940 -87.661522
1 0 0 0 0 0 0 41.860871 -87.695681
12 0 0 4 0 0 0 41.946090 -87.702988
1 0 0 0 0 0 0 41.931702 -87.719254
1 0 0 0 0 0 0 41.758739 -87.605769
2 1 0 0 0 2 0 41.796680 -87.755160
2 1 0 0 0 0 0 41.978888 -87.796235
4 0 0 0 0 0 0 41.982934 -87.774434
2 0 0 0 0 2 0 41.995855 -87.805097
12 0 0 1 0 3 0 41.775144 -87.708129
2 1 0 1 0 2 0 41.951732 -87.772005
2 0 0 0 0 0 0 41.713437 -87.564405
1 0 0 0 0 0 0 41.867028 -87.725464
1 0 0 0 0 0 0 41.982838 -87.712330
1 0 0 0 0 0 0 41.695655 -87.642804
2 0 0 0 0 0 0 41.992794 -87.765586
1 0 0 0 0 0 0 41.743916 -87.598786
4 0 0 0 0 0 0 41.694944 -87.654377
4 1 0 0 0 0 0 41.763584 -87.637213
1 0 0 0 0 0 0 41.778715 -87.714055
2 0 0 0 0 0 0 41.943162 -87.829090
1 1 0 0 0 0 0 41.770700 -87.611706
2 1 0 0 0 0 0 41.691630 -87.671782
2 0 0 0 0 0 0 41.995867 -87.805223
8 0 0 1 0 3 0 41.679804 -87.620843
2 0 0 0 0 0 0 41.777601 -87.782216
2 0 0 0 0 1 0 41.776430 -87.742389
1 0 0 0 0 0 0 42.016398 -87.690376
1 0 0 0 0 0 0 41.902405 -87.732699
1 0 0 0 0 0 0 41.696960 -87.598290
2 0 0 0 0 0 0 41.797439 -87.668504
12 0 0 1 0 2 0 41.972177 -87.702749
8 0 0 0 0 0 0 41.895809 -87.678519
1 0 0 0 0 0 0 41.817372 -87.599576
1 0 0 0 0 0 0 41.749519 -87.568831
2 0 0 0 0 0 0 42.006990 -87.778007
1 0 0 0 0 0 0 41.705247 -87.701424
2 0 0 0 0 0 0 41.968547 -87.712582
2 0 0 0 0 0 0 41.801354 -87.662076
1 1 0 0 0 0 0 41.728271 -87.662673
2 0 0 0 0 0 0 41.702493 -87.535131
1 0 0 0 0 0 0 41.794326 -87.703471
2 0 0 0 0 0 0 41.965985 -87.716876
1 1 0 0 0 0 0 41.706650 -87.643422
13 0 0 2 0 3 0 41.707338 -87.593990
1 0 0 0 0 0 0 41.711733 -87.535059
1 1 0 0 0 0 0 41.699671 -87.621034
1 1 0 0 0 0 0 41.691691 -87.670161
2 0 0 0 0 0 0 41.985067 -87.823171
2 0 0 0 0 0 0 41.692458 -87.674035
1 1 0 0 0 0 0 41.706868 -87.637208
2 0 0 0 0 0 0 41.749713 -87.693932
1 0 0 0 0 0 0 41.721168 -87.650663
2 0 0 0 0 0 0 41.654280 -87.543539
10 1 0 1 0 0 0 41.944019 -87.663975
3 0 0 0 0 0 0 41.903738 -87.720287
1 0 0 0 0 0 0 41.895201 -87.721541
1 0 0 0 0 0 0 41.795000 -87.584113
1 1 0 0 0 0 0 41.677853 -87.623447
1 0 0 0 0 0 0 41.701379 -87.681826
1 0 0 0 0 0 0 42.014271 -87.690408
1 0 0 0 0 0 0 41.691501 -87.713320
2 0 0 1 0 1 0 41.685239 -87.613418
2 1 0 0 0 0 0 41.762566 -87.717515
1 1 0 0 0 0 0 41.942675 -87.761899
12 1 0 3 0 0 0 41.961047 -87.700901
1 0 0 0 0 0 0 41.677934 -87.620754
2 1 0 0 0 0 0 41.879312 -87.725428
1 0 0 0 0 0 0 41.779334 -87.683768
1 0 0 0 0 0 0 41.778906 -87.700840
1 1 0 0 0 0 0 41.806999 -87.657942
8 1 0 3 0 5 0 41.974712 -87.697852
1 0 0 0 0 0 0 41.938421 -87.781390
1 0 0 0 0 0 0 41.804780 -87.683749
1 1 0 0 0 0 0 41.809319 -87.612921
5 0 0 1 0 0 0 41.894738 -87.695204
1 0 0 0 0 0 0 41.764585 -87.682253
2 0 0 0 0 0 0 41.799981 -87.759999
1 1 0 0 0 0 0 41.887083 -87.756181
2 0 0 0 0 1 0 41.983008 -87.782634
2 1 0 0 0 0 0 41.750522 -87.657252
1 0 0 0 0 0 0 41.840249 -87.725472
2 0 0 0 0 0 0 41.973152 -87.777910
1 0 0 0 0 0 0 41.940648 -87.726087
12 1 0 1 0 0 0 41.851644 -87.690621
2 1 0 0 0 0 0 41.866225 -87.717918
2 0 0 0 0 0 0 41.653975 -87.614225
1 0 0 0 0 0 0 41.920678 -87.741952
2 0 0 0 0 0 0 41.997459 -87.764556
1 0 0 0 0 0 0 41.819067 -87.626417
3 0 0 0 0 0 0 41.944983 -87.815865
1 0 0 1 0 0 0 41.720964 -87.643447
1 0 0 0 0 0 0 41.743616 -87.614570
2 0 0 0 0 0 0 41.924075 -87.756859
12 1 0 3 0 5 0 41.940128 -87.786481
4 1 0 0 0 0 0 41.998324 -87.763384
1 0 0 0 0 0 0 41.801930 -87.680903
1 0 0 0 0 0 0 41.802221 -87.618457
2 0 0 0 0 0 0 41.724234 -87.639453
2 0 0 0 0 0 0 41.803822 -87.735510
3 0 0 2 0 1 0 41.961216 -87.722416
2 0 0 0 0 0 0 41.906866 -87.754447
1 0 0 0 0 0 0 41.738409 -87.604822
2 0 0 0 0 0 0 41.997384 -87.763064
1 1 0 0 0 0 0 41.779127 -87.664039
1 0 0 0 0 0 0 41.898333 -87.770501
1 0 0 0 0 0 0 41.726199 -87.559252
1 0 0 0 0 0 0 41.735485 -87.668889
3 0 0 0 0 0 0 41.973896 -87.713297
2 1 0 0 0 0 0 41.709832 -87.534238
12 0 0 1 0 1 0 41.877505 -87.704850
2 0 0 0 0 1 0 41.777031 -87.703223
2 0 0 0 0 0 0 41.884740 -87.711357
1 0 0 0 0 0 0 41.730218 -87.546758
2 0 0 0 0 0 0 41.759297 -87.683342
2 0 0 0 0 0 0 41.798504 -87.798504
8 0 0 2 0 2 0 41.737948 -87.530836
1 0 0 0 0 0 0 41.677110 -87.635677
2 1 0 0 0 0 0 41.995567 -87.748640
4 0 0 0 0 0 0 41.967864 -87.767593
12 0 0 1 0 0 0 41.859161 -87.717697
2 0 0 0 0 0 0 41.994340 -87.802532
2 1 0 0 0 1 0 41.765862 -87.614787
2 0 0 0 0 0 0 41.968420 -87.724460
2 0 0 0 0 0 0 41.873690 -87.764746
1 0 0 0 0 0 0 41.923980 -87.751950
2 0 0 0 0 0 0 41.985467 -87.769583
2 0 0 0 0 2 0 41.983017 -87.709700
1 1 0 0 0 0 0 41.692666 -87.626385
1 0 0 0 0 0 0 41.921017 -87.797388
2 0 0 0 0 0 0 41.779240 -87.691116
12 0 0 2 0 4 0 41.923792 -87.772312
1 0 0 0 0 0 0 41.794639 -87.703767
4 0 0 1 0 3 0 41.775524 -87.757972
1 0 0 0 0 0 0 41.858802 -87.734302
2 0 0 0 0 0 0 41.765770 -87.664330
4 0 0 0 0 0 0 41.924618 -87.727398
1 0 0 0 0 0 0 41.721580 -87.656120
12 0 0 1 0 4 0 41.859360 -87.703020
2 0 0 0 0 0 0 41.991086 -87.729231
2 0 0 0 0 0 0 41.657590 -87.610713
1 0 0 0 0 0 0 41.949269 -87.798395
12 0 0 2 0 2 0 41.950390 -87.688234
1 1 0 0 0 0 0 41.657170 -87.552594
20 0 0 0 0 1 0 41.879420 -87.635580
1 1 0 0 0 0 0 41.922580 -87.784980
1 1 0 0 0 0 0 41.844560 -87.710058
2 1 0 0 0 0 0 41.797981 -87.773241
1 1 0 0 0 0 0 42.011867 -87.700407
8 0 0 0 0 0 0 41.878264 -87.764886
3 0 0 0 0 0 0 41.841655 -87.734366
1 0 0 0 0 0 0 41.844168 -87.726317
2 0 0 1 0 0 0 41.954680 -87.749424
1 1 0 0 0 0 0 41.706330 -87.630936
12 0 0 1 0 0 0 41.866402 -87.730017
2 0 0 0 0 0 0 41.765088 -87.565918
2 0 0 0 0 0 0 41.990119 -87.717337
7 0 0 1 0 4 0 41.692618 -87.628052
2 0 0 0 0 0 0 41.995191 -87.728989
3 0 0 0 0 0 0 41.686642 -87.633547
2 0 0 0 0 0 0 41.777070 -87.766640
2 0 0 0 0 0 0 41.801001 -87.676773
2 0 0 0 0 0 0 41.974849 -87.806023
1 0 0 0 0 0 0 41.718353 -87.564459
2 1 0 0 0 0 0 42.011865 -87.701317
1 0 0 0 0 0 0 41.780148 -87.703338
1 0 0 0 0 0 0 41.938315 -87.793848
2 0 0 0 0 0 0 41.990093 -87.718753
1 0 0 0 0 0 0 41.942423 -87.747130
2 0 0 0 0 0 0 41.909954 -87.732714
2 0 0 0 0 0 0 41.743850 -87.682864
2 0 0 0 0 0 0 41.978710 -87.755520
5 0 0 0 0 0 0 41.653138 -87.601057
3 1 0 0 0 0 0 41.801089 -87.584791
9 0 0 0 0 0 0 41.790507 -87.779933
2 0 0 0 0 0 0 41.886580 -87.716646
2 0 0 0 0 0 0 41.744818 -87.561055
1 0 0 0 0 0 0 41.798230 -87.744952
1 0 0 0 0 0 0 41.735989 -87.672181
2 0 0 0 0 0 0 41.924319 -87.721446
2 0 0 0 0 0 0 41.764748 -87.684669
1 1 0 0 0 0 0 41.844265 -87.728103
2 0 0 0 0 1 0 41.792212 -87.797662
2 0 0 0 0 0 0 41.917002 -87.755972
5 0 0 0 0 0 0 41.780658 -87.776651
2 0 0 0 0 0 0 41.704366 -87.681733
12 0 0 2 0 5 0 41.851414 -87.732150
3 0 0 0 0 0 0 41.694420 -87.681547
2 1 0 0 0 0 0 41.706657 -87.647476
1 0 0 0 0 0 0 41.736783 -87.602241
1 0 0 0 0 0 0 41.749896 -87.643693
1 0 0 0 0 0 0 41.798974 -87.681909
1 1 0 0 0 0 0 41.779196 -87.683589
12 0 0 1 0 4 0 41.786338 -87.687435
2 0 0 0 0 0 0 41.741392 -87.721823
12 0 0 5 0 4 0 41.898661 -87.755455
2 1 0 0 0 0 0 41.980602 -87.804963
4 0 0 0 0 0 0 42.011918 -87.812638
3 0 0 0 0 0 0 41.946510 -87.735721
2 0 0 0 0 0 0 41.701719 -87.681280
4 0 0 3 0 2 0 41.997579 -87.689713
2 0 0 1 0 0 0 41.983559 -87.765770
2 0 0 1 0 0 0 41.905621 -87.728636
2 0 0 0 0 0 0 41.739387 -87.721373
2 1 0 0 0 0 0 41.965408 -87.767339
12 0 0 0 0 0 0 41.969659 -87.689550
12 0 0 1 0 0 0 41.909220 -87.797141
1 0 0 0 0 0 0 41.870364 -87.725256
2 0 0 0 0 0 0 41.967989 -87.743049
2 1 0 0 0 0 0 41.953234 -87.772189
4 0 0 0 0 0 0 41.971272 -87.763887
2 1 0 0 0 0 0 41.935779 -87.746581
1 1 0 0 0 0 0 41.808640 -87.669974
1 0 0 0 0 0 0 41.740435 -87.673246
2 0 0 0 0 0 0 41.702609 -87.681492
1 0 0 0 0 0 0 41.763350 -87.637499
3 0 0 0 0 0 0 41.752229 -87.617995
1 0 0 0 0 0 0 41.722376 -87.535830
3 0 0 0 0 0 0 41.997921 -87.765372
8 0 0 3 0 2 0 41.778790 -87.688589
2 1 0 0 0 0 0 41.919790 -87.770982
4 0 0 0 0 0 0 41.764505 -87.706472
4 1 0 0 0 0 0 41.764618 -87.693452
1 1 0 0 0 0 0 41.885708 -87.735424
4 0 0 0 0 0 0 41.991473 -87.782085
1 0 0 0 0 0 0 41.807749 -87.722579
1 0 0 0 0 0 0 41.998260 -87.699481
2 0 0 0 0 0 0 41.980121 -87.802113
3 0 0 0 0 0 0 41.955308 -87.751788
4 0 0 0 0 0 0 42.004415 -87.811054
1 0 0 0 0 0 0 41.733543 -87.551152
1 1 0 0 0 0 0 41.909414 -87.765817
5 0 0 2 0 1 0 41.932559 -87.642385
2 0 0 0 0 0 0 41.741723 -87.702287
1 0 0 0 0 0 0 41.744760 -87.558624
2 0 0 0 0 0 0 41.738100 -87.721721
12 0 0 3 0 1 0 41.895745 -87.698653
1 0 0 0 0 0 0 41.906919 -87.746230
1 0 0 0 0 1 0 41.778582 -87.718925
2 0 0 0 0 0 0 41.700168 -87.562148
9 0 0 0 0 0 0 41.692535 -87.617711
1 0 0 0 0 0 0 41.782010 -87.703400
1 0 0 0 0 0 0 41.923604 -87.804659
2 1 0 0 0 2 0 42.005070 -87.692643
2 1 0 0 0 1 0 41.815883 -87.633718
1 0 0 0 0 0 0 41.777732 -87.713878
2 0 0 0 0 2 0 41.736019 -87.662430
2 0 0 0 0 0 0 41.764753 -87.688641
1 1 0 0 0 0 0 41.715250 -87.681698
12 0 0 2 0 2 0 41.953634 -87.690782
1 0 0 0 0 0 0 41.786049 -87.723645
2 1 0 0 0 0 0 41.800908 -87.690802
12 0 0 2 0 1 0 41.840222 -87.694129
2 0 0 0 0 0 0 41.953418 -87.754841
1 0 0 0 0 0 0 41.810537 -87.665404
3 0 0 0 0 0 0 41.785333 -87.762602
12 1 0 1 0 7 0 41.866554 -87.701329
1 0 0 0 0 0 0 41.871583 -87.725209
2 0 0 0 0 0 0 41.657379 -87.606444
1 0 0 0 0 0 0 41.778865 -87.703029
1 0 0 0 0 0 0 41.658962 -87.548528
1 0 0 0 0 0 0 41.779668 -87.707834
1 1 0 0 0 0 0 41.691801 -87.671351
4 0 0 0 0 0 0 41.955625 -87.747517
5 0 0 1 0 2 0 41.885586 -87.653189
1 0 0 0 0 0 0 41.681136 -87.540290
1 0 0 0 0 0 0 41.872425 -87.725345
1 0 0 0 0 0 0 41.947472 -87.737875
1 0 0 0 0 0 0 41.858938 -87.715727
2 0 0 1 0 2 0 41.706498 -87.667091
3 0 0 0 0 0 0 41.880531 -87.731063
1 0 0 0 0 0 0 41.697820 -87.597790
12 0 0 7 0 1 0 41.898911 -87.716490
1 0 0 0 0 0 0 41.808746 -87.660260
1 1 0 0 0 0 0 41.783745 -87.612919
1 1 0 0 0 0 0 41.708300 -87.619840
2 0 0 0 0 0 0 41.886151 -87.715511
2 0 0 0 0 0 0 41.985317 -87.786721
2 0 0 0 0 0 0 41.836682 -87.730830
400 0 0 0 0 0 0 41.884195 -87.629701
1 0 0 0 0 0 0 42.012177 -87.699865
2 0 0 0 0 0 0 41.884655 -87.750498
2 0 0 0 0 0 0 41.968399 -87.725687
12 1 0 2 0 2 0 41.836708 -87.725641
1 0 0 0 0 0 0 41.844287 -87.727078
2 0 0 0 0 0 0 41.959511 -87.753396
18 1 0 0 0 0 0 41.884380 -87.633960
4 0 0 0 0 0 0 41.998262 -87.763663
2 0 0 0 0 1 0 41.993460 -87.712734
1 1 0 0 0 0 0 41.691373 -87.700281
2 0 0 0 0 2 0 41.953789 -87.724161
10 1 0 0 0 0 0 41.988931 -87.702785
120 0 0 0 0 0 0 41.951200 -87.654600
12 0 0 3 0 7 0 41.871103 -87.693683
1 1 0 0 0 0 0 41.709948 -87.535365
