SW 606 0 26453 0 5363 1026 0 -402 0 3152
0 40.397050 -3.671470
39 0 0 3 0 3 2 40.430322 -3.707254
47 0 0 1 0 1 1 40.428626 -3.702500
47 0 0 3 0 0 2 40.428521 -3.702135
44 0 0 9 0 1 2 40.427868 -3.695440
44 0 0 6 0 0 2 40.415606 -3.709508
43 0 0 10 0 8 2 40.425403 -3.692104
43 0 0 1 0 0 2 40.427000 -3.703600
47 0 0 5 0 7 2 40.428467 -3.706141
43 0 0 3 0 0 2 40.427300 -3.710500
47 0 0 4 0 3 2 40.426043 -3.713307
39 0 0 1 0 0 1 40.426238 -3.707445
39 0 0 3 0 5 2 40.422937 -3.707481
43 0 0 2 0 8 1 40.423126 -3.704166
44 0 0 5 0 2 2 40.420260 -3.708249
38 0 0 4 0 0 2 40.417767 -3.710650
47 0 0 13 0 23 2 40.423900 -3.694500
47 0 0 4 0 1 2 40.413300 -3.695700
43 0 0 15 0 20 2 40.416384 -3.695743
47 0 0 5 0 18 2 40.419210 -3.711504
43 0 0 5 0 2 2 40.413691 -3.710063
27 0 0 4 0 4 2 40.416876 -3.712151
44 0 0 7 0 3 1 40.410800 -3.714113
47 0 0 4 0 0 1 40.411359 -3.711590
51 0 0 9 0 3 1 40.411274 -3.708834
39 0 0 5 0 11 2 40.412205 -3.699115
47 0 0 4 0 3 2 40.410849 -3.698292
38 0 0 2 0 3 2 40.410039 -3.702471
40 0 0 4 0 7 1 40.409791 -3.703864
39 0 0 5 0 0 2 40.406866 -3.711103
47 0 0 7 0 0 2 40.405315 -3.707126
44 0 0 10 0 0 2 40.404577 -3.702800
43 0 0 6 0 8 2 40.404043 -3.701321
47 0 0 4 0 0 2 40.406053 -3.699277
43 0 0 5 0 0 2 40.407354 -3.696040
47 0 0 9 0 4 2 40.407756 -3.693486
44 0 0 5 0 0 2 40.408309 -3.700754
39 0 0 4 0 1 2 40.426599 -3.700393
44 0 0 3 0 5 2 40.423976 -3.702084
43 0 0 3 0 0 2 40.429566 -3.712630
39 0 0 2 0 0 2 40.425550 -3.704342
44 0 0 16 0 14 2 40.418852 -3.689098
47 0 0 7 0 0 2 40.421455 -3.675314
47 0 0 7 0 7 2 40.421315 -3.672497
43 0 0 7 0 11 2 40.417924 -3.670896
44 0 0 13 0 2 2 40.416701 -3.689425
43 0 0 5 0 1 2 40.410847 -3.693225
39 0 0 8 0 2 2 40.412769 -3.691323
47 0 0 15 0 2 2 40.409808 -3.688822
47 0 0 7 0 0 2 40.415382 -3.677873
43 0 0 5 0 11 2 40.416100 -3.673900
43 0 0 5 0 4 2 40.415900 -3.669600
43 0 0 8 0 4 2 40.411500 -3.668700
47 0 0 11 0 15 2 40.412063 -3.676589
47 0 0 10 0 7 2 40.408272 -3.678475
44 0 0 12 0 10 2 40.407271 -3.675102
38 0 0 11 0 14 2 40.406478 -3.670713
47 0 0 22 0 33 2 40.400637 -3.674524
47 0 0 15 0 25 2 40.405110 -3.680440
44 0 0 10 0 10 2 40.409343 -3.691833
43 0 0 10 0 16 2 40.408456 -3.669753
43 0 0 8 0 12 2 40.413300 -3.674479
43 0 0 18 0 29 2 40.403572 -3.672482
47 0 0 9 0 3 2 40.421314 -3.679891
44 0 0 14 0 11 1 40.418652 -3.693350
43 0 0 14 0 9 2 40.427736 -3.683257
43 0 0 9 0 2 2 40.431358 -3.683830
43 0 0 3 0 10 2 40.427258 -3.675202
47 0 0 17 0 5 2 40.425149 -3.683842
43 0 0 6 0 9 2 40.426049 -3.678628
43 0 0 6 0 3 2 40.426294 -3.686546
43 0 0 10 0 10 2 40.425759 -3.689336
43 0 0 12 0 1 2 40.423215 -3.690756
43 0 0 11 0 14 2 40.422543 -3.686929
47 0 0 9 0 8 2 40.422015 -3.682205
47 0 0 7 0 10 1 40.422536 -3.680256
24 0 0 3 0 2 2 40.424132 -3.675768
43 0 0 2 0 1 2 40.426039 -3.674018
47 0 0 7 0 0 1 40.424780 -3.673840
44 0 0 6 0 6 2 40.423077 -3.669680
43 0 0 12 0 3 2 40.421185 -3.684232
43 0 0 17 0 16 2 40.430530 -3.686744
43 0 0 13 0 7 2 40.426770 -3.689580
43 0 0 13 0 16 2 40.427083 -3.687542
39 0 0 9 0 3 2 40.424776 -3.687890
43 0 0 16 0 15 2 40.421561 -3.688384
47 0 0 4 0 0 2 40.427402 -3.670652
43 0 0 9 0 4 2 40.430124 -3.681452
43 0 0 5 0 0 2 40.434745 -3.720102
43 0 0 4 0 0 2 40.433603 -3.717525
43 0 0 5 0 0 1 40.433913 -3.717743
43 0 0 4 0 3 2 40.432690 -3.724736
44 0 0 6 0 9 2 40.427538 -3.720726
43 0 0 3 0 0 2 40.427838 -3.717463
43 0 0 4 0 5 2 40.425315 -3.717052
43 0 0 5 0 0 1 40.430980 -3.718890
43 0 0 22 0 26 2 40.400781 -3.688241
43 0 0 17 0 2 2 40.401291 -3.686265
47 0 0 15 0 10 2 40.403090 -3.694825
47 0 0 13 0 26 2 40.401749 -3.698603
43 0 0 5 0 0 2 40.429536 -3.696366
47 0 0 5 0 5 2 40.430646 -3.713341
47 0 0 5 0 0 2 40.430969 -3.699369
47 0 0 5 0 0 2 40.435300 -3.694800
47 0 0 5 0 0 2 40.434598 -3.701804
47 0 0 4 0 1 2 40.433852 -3.708439
47 0 0 6 0 0 2 40.438987 -3.715550
47 0 0 5 0 0 2 40.438387 -3.698235
43 0 0 3 0 2 2 40.441560 -3.701640
43 0 0 2 0 0 2 40.441788 -3.704031
47 0 0 4 0 0 2 40.446378 -3.703605
44 0 0 2 0 0 1 40.447125 -3.700167
43 0 0 4 0 4 2 40.444182 -3.695569
43 0 0 6 0 2 2 40.441481 -3.692734
43 0 0 12 0 9 2 40.445124 -3.690769
44 0 0 3 0 6 2 40.445448 -3.685338
43 0 0 5 0 7 1 40.445741 -3.691406
44 0 0 9 0 3 2 40.439396 -3.690419
47 0 0 14 0 5 2 40.438757 -3.683058
32 0 0 6 0 0 2 40.435405 -3.689392
43 0 0 14 0 14 2 40.433409 -3.687915
43 0 0 4 0 1 2 40.428980 -3.678302
47 0 0 3 0 8 2 40.432408 -3.675556
43 0 0 4 0 0 2 40.429887 -3.671282
39 0 0 3 0 0 2 40.444254 -3.678850
43 0 0 3 0 0 2 40.448400 -3.679400
43 0 0 4 0 2 1 40.451117 -3.681397
43 0 0 11 0 5 2 40.449852 -3.687930
47 0 0 10 0 13 2 40.448812 -3.695359
43 0 0 5 0 4 1 40.452500 -3.698900
43 0 0 13 0 19 1 40.452300 -3.693600
44 0 0 5 0 0 2 40.454846 -3.694622
43 0 0 3 0 5 2 40.457334 -3.700930
44 0 0 10 0 3 2 40.459235 -3.691533
43 0 0 5 0 3 2 40.458532 -3.684715
43 0 0 4 0 0 2 40.454385 -3.683593
44 0 0 3 0 5 2 40.457247 -3.676344
47 0 0 27 0 38 2 40.422192 -3.722099
43 0 0 13 0 15 2 40.403497 -3.710577
39 0 0 9 0 22 2 40.403759 -3.706445
47 0 0 18 0 27 1 40.397230 -3.694610
63 0 0 31 0 39 2 40.392888 -3.697596
46 0 0 8 0 11 2 40.413905 -3.713377
47 0 0 12 0 32 2 40.413748 -3.717489
43 0 0 8 0 12 2 40.404600 -3.695900
44 0 0 18 0 21 2 40.401589 -3.713823
44 0 0 8 0 20 2 40.401055 -3.704396
47 0 0 10 0 21 2 40.399701 -3.698402
43 0 0 18 0 32 2 40.400828 -3.693493
44 0 0 8 0 16 2 40.398347 -3.702484
47 0 0 9 0 36 2 40.397430 -3.706526
40 0 0 8 0 12 2 40.396226 -3.698345
43 0 0 26 0 28 2 40.391447 -3.694188
44 0 0 20 0 13 2 40.402920 -3.678834
43 0 0 23 0 27 1 40.394042 -3.675890
47 0 0 6 0 3 2 40.418169 -3.676444
43 0 0 10 0 11 2 40.418667 -3.665778
43 0 0 3 0 0 2 40.425635 -3.669339
44 0 0 5 0 0 2 40.426000 -3.665306
44 0 0 5 0 0 2 40.425083 -3.661528
43 0 0 2 0 0 2 40.434676 -3.678080
43 0 0 3 0 0 2 40.430133 -3.663825
47 0 0 4 0 0 2 40.431256 -3.659029
43 0 0 5 0 5 2 40.435126 -3.655492
43 0 0 9 0 13 2 40.434305 -3.683375
39 0 0 2 0 0 2 40.434569 -3.674078
47 0 0 4 0 0 2 40.431826 -3.671468
47 0 0 3 0 0 2 40.432472 -3.665555
44 0 0 2 0 0 2 40.437264 -3.677153
44 0 0 3 0 1 2 40.439222 -3.675444
47 0 0 4 0 2 2 40.444224 -3.675222
43 0 0 4 0 3 2 40.451606 -3.677916
41 0 0 12 0 5 2 40.432000 -3.689100
47 0 0 4 0 0 1 40.434361 -3.714917
44 0 0 5 0 0 2 40.433754 -3.704579
43 0 0 3 0 0 2 40.438694 -3.703833
47 0 0 6 0 0 2 40.441300 -3.708300
44 0 0 4 0 3 1 40.441750 -3.714472
43 0 0 2 0 0 2 40.447649 -3.704040
41 0 0 3 0 1 2 40.453500 -3.703278
43 0 0 5 0 3 1 40.460747 -3.698916
39 0 0 1 0 0 2 40.463044 -3.697335
38 0 0 4 0 0 1 40.466281 -3.689061
43 0 0 8 0 10 2 40.465700 -3.688700
57 0 0 22 0 18 2 40.398247 -3.716591
43 0 0 14 0 23 2 40.388992 -3.700225
44 0 0 15 0 14 2 40.443432 -3.656903
43 0 0 2 0 0 2 40.429588 -3.640809
47 0 0 15 0 21 2 40.414100 -3.728970
43 0 0 10 0 25 2 40.480884 -3.689076
43 0 0 19 0 22 2 40.410548 -3.657297
42 0 0 9 0 0 2 40.408359 -3.646734
44 0 0 6 0 1 2 40.406156 -3.651384
43 0 0 8 0 9 1 40.400492 -3.634744
43 0 0 17 0 10 2 40.391787 -3.702679
47 0 0 10 0 5 1 40.406448 -3.724576
47 0 0 7 0 0 2 40.409000 -3.728700
44 0 0 14 0 32 2 40.402506 -3.660345
43 0 0 12 0 15 2 40.399015 -3.660777
44 0 0 16 0 29 2 40.393830 -3.665936
38 0 0 7 0 0 1 40.394406 -3.708043
43 0 0 4 0 5 2 40.436938 -3.648651
44 0 0 4 0 5 2 40.443679 -3.648825
44 0 0 5 0 0 2 40.439828 -3.655719
47 0 0 4 0 4 2 40.432766 -3.648617
44 0 0 8 0 0 2 40.422952 -3.655579
44 0 0 11 0 1 2 40.426128 -3.651092
43 0 0 26 0 31 2 40.389041 -3.691076
47 0 0 20 0 39 2 40.407579 -3.717078
44 0 0 5 0 2 2 40.456182 -3.693261
43 0 0 4 0 2 2 40.456713 -3.707833
43 0 0 4 0 0 2 40.436660 -3.660960
43 0 0 3 0 2 2 40.437800 -3.667790
43 0 0 4 0 0 1 40.439513 -3.662928
43 0 0 3 0 0 2 40.435030 -3.670120
43 0 0 9 0 18 1 40.440030 -3.717570
44 0 0 4 0 0 2 40.436364 -3.710138
47 0 0 4 0 0 2 40.435958 -3.699248
43 0 0 5 0 2 2 40.438370 -3.692810
47 0 0 19 0 24 2 40.474321 -3.687997
47 0 0 11 0 4 2 40.440649 -3.685810
43 0 0 4 0 2 2 40.444210 -3.666830
43 0 0 9 0 11 2 40.471740 -3.683969
39 0 0 5 0 1 2 40.455460 -3.688440
43 0 0 3 0 2 1 40.461000 -3.676560
43 0 0 6 0 1 1 40.463610 -3.685292
43 0 0 4 0 9 2 40.446350 -3.713830
43 0 0 21 0 29 1 40.438873 -3.730527
44 0 0 11 0 18 2 40.444311 -3.726939
39 0 0 12 0 32 2 40.442705 -3.726752
44 0 0 15 0 12 2 40.448332 -3.727295
43 0 0 14 0 15 2 40.450552 -3.729676
43 0 0 16 0 10 2 40.387075 -3.706145
43 0 0 21 0 22 2 40.378380 -3.700415
43 0 0 20 0 15 2 40.367211 -3.703887
43 0 0 8 0 4 2 40.382723 -3.707740
43 0 0 26 0 38 2 40.370002 -3.693970
43 0 0 17 0 26 2 40.373474 -3.713315
43 0 0 4 0 3 2 40.453493 -3.662016
43 0 0 3 0 1 2 40.438278 -3.638904
43 0 0 2 0 3 2 40.441521 -3.641057
47 0 0 3 0 2 2 40.454784 -3.655837
43 0 0 2 0 0 2 40.459033 -3.660443
43 0 0 4 0 1 2 40.451179 -3.652191
47 0 0 16 0 6 2 40.453000 -3.594100
43 0 0 7 0 4 2 40.473594 -3.675790
43 0 0 3 0 2 2 40.435687 -3.642339
43 0 0 5 0 0 2 40.429743 -3.653432
43 0 0 6 0 0 2 40.428931 -3.632389
43 0 0 2 0 0 2 40.462870 -3.650893
43 0 0 5 0 0 2 40.463100 -3.670600
43 0 0 7 0 4 1 40.467900 -3.677900
43 0 0 4 0 1 2 40.476500 -3.676200
43 0 0 9 0 3 2 40.466400 -3.672300
43 0 0 2 0 1 2 40.467300 -3.654300
47 0 0 10 0 1 2 40.407022 -3.631923
43 0 0 7 0 0 2 40.400094 -3.629275
43 0 0 6 0 0 2 40.400500 -3.646400
47 0 0 6 0 3 2 40.388756 -3.645974
47 0 0 25 0 38 2 40.378738 -3.662176
47 0 0 19 0 29 2 40.386400 -3.667500
47 0 0 17 0 31 2 40.438469 -3.619433
43 0 0 3 0 0 2 40.419100 -3.624200
47 0 0 13 0 27 2 40.443133 -3.617832
43 0 0 13 0 1 2 40.446656 -3.612200
47 0 0 15 0 2 2 40.445000 -3.589500
43 0 0 11 0 5 2 40.440700 -3.627400
43 0 0 18 0 25 2 40.385412 -3.688461
43 0 0 16 0 12 2 40.395142 -3.721121
43 0 0 10 0 1 2 40.394700 -3.731500
43 0 0 12 0 6 2 40.383100 -3.703200
43 0 0 18 0 25 2 40.377300 -3.715900
44 0 0 21 0 30 2 40.454625 -3.587722
47 0 0 17 0 31 2 40.454768 -3.598122
43 0 0 4 0 0 2 40.429326 -3.646463
47 0 0 7 0 6 2 40.481500 -3.693800
43 0 0 4 0 2 2 40.448100 -3.697200
43 0 0 4 0 2 2 40.469477 -3.696862
43 0 0 4 0 0 2 40.465500 -3.695113
43 0 0 10 0 30 2 40.398400 -3.735900
43 0 0 14 0 19 1 40.404571 -3.745096
43 0 0 6 0 4 2 40.402600 -3.641900
44 0 0 4 0 7 2 40.380781 -3.636484
39 0 0 3 0 0 2 40.463643 -3.704478
52 0 0 30 0 20 2 40.381352 -3.623765
43 0 0 19 0 39 2 40.391787 -3.717160
43 0 0 11 0 9 2 40.391623 -3.727452
44 0 0 5 0 0 2 40.424664 -3.639499
47 0 0 7 0 13 2 40.408000 -3.735100
43 0 0 24 0 29 2 40.382680 -3.697856
43 0 0 20 0 19 2 40.382636 -3.663004
47 0 0 20 0 30 2 40.376237 -3.655868
47 0 0 21 0 24 2 40.376479 -3.629413
47 0 0 23 0 12 2 40.358700 -3.689500
43 0 0 5 0 16 2 40.479500 -3.696500
43 0 0 13 0 2 2 40.475648 -3.710326
43 0 0 9 0 11 2 40.469627 -3.715272
43 0 0 16 0 18 2 40.393383 -3.689031
43 0 0 16 0 29 2 40.422761 -3.723178
43 0 0 4 0 1 2 40.461796 -3.712197
43 0 0 3 0 7 2 40.471382 -3.667938
43 0 0 6 0 2 2 40.442516 -3.623737
47 0 0 12 0 7 2 40.402404 -3.610275
44 0 0 6 0 4 2 40.388435 -3.653269
43 0 0 3 0 0 1 40.464341 -3.665034
44 0 0 11 0 24 2 40.390170 -3.670518
44 0 0 22 0 23 2 40.381388 -3.668550
44 0 0 16 0 32 2 40.400223 -3.663958
44 0 0 6 0 0 2 40.400035 -3.653810
44 0 0 5 0 0 2 40.395212 -3.649327
44 0 0 7 0 6 2 40.391424 -3.641483
44 0 0 9 0 15 2 40.391900 -3.657100
44 0 0 10 0 11 2 40.385379 -3.711798
44 0 0 7 0 0 1 40.476753 -3.671445
44 0 0 4 0 0 2 40.424275 -3.628881
44 0 0 7 0 2 2 40.426570 -3.657964
44 0 0 3 0 0 2 40.476755 -3.662690
44 0 0 2 0 0 1 40.423099 -3.623467
44 0 0 7 0 2 2 40.432090 -3.626504
47 0 0 24 0 11 2 40.349111 -3.710985
44 0 0 14 0 21 2 40.392516 -3.722218
49 0 0 18 0 12 2 40.385464 -3.718234
44 0 0 12 0 8 2 40.409380 -3.739616
44 0 0 6 0 0 1 40.407412 -3.747262
44 0 0 14 0 24 1 40.409911 -3.652566
44 0 0 12 0 18 2 40.407506 -3.660003
42 0 0 8 0 0 1 40.409900 -3.640800
44 0 0 11 0 5 2 40.389377 -3.723648
44 0 0 13 0 0 0 40.478104 -3.709973
44 0 0 5 0 11 2 40.477728 -3.699626
44 0 0 12 0 12 1 40.478170 -3.703526
44 0 0 18 0 18 2 40.472695 -3.710678
38 0 0 11 0 7 2 40.379503 -3.621447
44 0 0 10 0 8 2 40.448450 -3.596503
44 0 0 7 0 2 2 40.462050 -3.691932
44 0 0 2 0 0 2 40.466743 -3.703188
44 0 0 1 0 0 2 40.465182 -3.698376
44 0 0 22 0 29 2 40.369977 -3.707606
44 0 0 14 0 22 2 40.366723 -3.687658
44 0 0 22 0 17 2 40.368093 -3.698380
44 0 0 15 0 21 2 40.356536 -3.693901
44 0 0 8 0 0 1 40.385009 -3.641790
44 0 0 21 0 40 2 40.393024 -3.679702
44 0 0 2 0 0 1 40.432883 -3.637663
44 0 0 2 0 0 1 40.472503 -3.659269
44 0 0 7 0 1 2 40.457544 -3.644419
44 0 0 23 0 14 2 40.396900 -3.663400
43 0 0 15 0 22 2 40.389500 -3.663500
44 0 0 13 0 6 2 40.389870 -3.713209
44 0 0 20 0 17 2 40.388629 -3.693288
43 0 0 3 0 2 2 40.476367 -3.668417
44 0 0 11 0 0 2 40.381617 -3.650760
44 0 0 8 0 3 2 40.390167 -3.627137
44 0 0 10 0 0 2 40.381917 -3.632194
44 0 0 19 0 22 2 40.433973 -3.632516
44 0 0 8 0 4 2 40.431525 -3.623066
44 0 0 7 0 1 2 40.389029 -3.639540
44 0 0 3 0 2 2 40.470245 -3.703955
44 0 0 6 0 0 2 40.409391 -3.612319
44 0 0 4 0 0 2 40.406340 -3.612834
44 0 0 12 0 12 2 40.360647 -3.693997
44 0 0 8 0 0 2 40.465880 -3.716930
44 0 0 7 0 4 2 40.474313 -3.705105
44 0 0 7 0 9 2 40.479000 -3.705669
44 0 0 3 0 2 2 40.462051 -3.708734
44 0 0 3 0 0 2 40.457729 -3.713461
44 0 0 5 0 0 2 40.422190 -3.613462
47 0 0 4 0 0 1 40.419123 -3.617267
44 0 0 5 0 1 2 40.426679 -3.615370
47 0 0 10 0 8 2 40.427121 -3.606454
44 0 0 5 0 6 2 40.432830 -3.610951
44 0 0 11 0 0 2 40.430917 -3.615800
43 0 0 6 0 6 2 40.392990 -3.736340
43 0 0 8 0 3 2 40.384015 -3.747088
43 0 0 11 0 1 2 40.377347 -3.732667
44 0 0 5 0 11 2 40.386008 -3.609482
47 0 0 4 0 4 2 40.383059 -3.604630
44 0 0 4 0 1 2 40.379415 -3.607248
47 0 0 29 0 16 2 40.372839 -3.726638
44 0 0 13 0 18 1 40.457467 -3.588151
43 0 0 4 0 3 2 40.464378 -3.679944
43 0 0 3 0 12 2 40.471750 -3.649843
47 0 0 6 0 18 2 40.468575 -3.637883
38 0 0 5 0 4 2 40.476878 -3.645074
44 0 0 5 0 2 2 40.474902 -3.639516
43 0 0 3 0 0 1 40.471487 -3.655115
19 0 0 8 0 3 2 40.424924 -3.687807
44 0 0 6 0 10 2 40.492622 -3.686266
44 0 0 4 0 2 1 40.484683 -3.685290
44 0 0 4 0 0 2 40.505010 -3.696033
44 0 0 5 0 5 2 40.495466 -3.693748
43 0 0 2 0 8 2 40.496392 -3.697472
44 0 0 4 0 7 2 40.467724 -3.663406
39 0 0 11 0 29 2 40.403819 -3.690918
47 0 0 12 0 19 2 40.498924 -3.708657
47 0 0 3 0 0 2 40.500522 -3.691123
44 0 0 6 0 0 1 40.503405 -3.702903
47 0 0 6 0 9 1 40.463575 -3.634999
43 0 0 11 0 13 2 40.403238 -3.752192
43 0 0 13 0 18 2 40.398816 -3.744452
43 0 0 6 0 6 2 40.395002 -3.744728
44 0 0 5 0 1 2 40.396496 -3.757572
43 0 0 5 0 0 2 40.393028 -3.751817
43 0 0 19 0 37 2 40.387451 -3.729873
43 0 0 10 0 3 1 40.385507 -3.723781
43 0 0 6 0 4 2 40.456020 -3.618082
47 0 0 7 0 1 1 40.458415 -3.625794
47 0 0 13 0 8 2 40.462751 -3.625321
43 0 0 4 0 0 2 40.392175 -3.756232
43 0 0 11 0 2 2 40.385372 -3.737259
43 0 0 7 0 2 2 40.387737 -3.744521
43 0 0 5 0 0 2 40.458665 -3.667903
43 0 0 5 0 5 2 40.449041 -3.671794
43 0 0 4 0 0 2 40.480694 -3.666529
46 0 0 12 0 4 1 40.447968 -3.631103
35 0 0 5 0 0 2 40.379102 -3.747061
43 0 0 7 0 15 2 40.380245 -3.741583
43 0 0 8 0 5 2 40.383869 -3.730802
47 0 0 21 0 13 2 40.490930 -3.727572
47 0 0 14 0 9 2 40.441753 -3.611905
43 0 0 4 0 0 2 40.444569 -3.635345
47 0 0 6 0 5 2 40.372458 -3.761820
43 0 0 6 0 2 2 40.366122 -3.761583
43 0 0 5 0 2 2 40.362778 -3.757870
47 0 0 7 0 10 2 40.362571 -3.750147
47 0 0 20 0 19 2 40.365211 -3.738511
39 0 0 11 0 10 1 40.491082 -3.716229
47 0 0 12 0 6 2 40.495697 -3.724953
44 0 0 8 0 2 2 40.392292 -3.740544
43 0 0 10 0 3 2 40.380918 -3.727836
44 0 0 9 0 0 2 40.464876 -3.631357
44 0 0 6 0 3 2 40.394973 -3.768156
44 0 0 9 0 0 2 40.396598 -3.770575
24 0 0 14 0 11 2 40.436996 -3.611915
44 0 0 3 0 0 2 40.375623 -3.750973
44 0 0 4 0 3 2 40.373138 -3.747657
44 0 0 5 0 7 2 40.478611 -3.670476
44 0 0 10 0 3 2 40.480274 -3.718691
44 0 0 6 0 0 2 40.481940 -3.703918
44 0 0 13 0 21 2 40.481788 -3.713221
44 0 0 15 0 16 2 40.485483 -3.723004
44 0 0 6 0 5 2 40.484560 -3.663648
44 0 0 6 0 0 2 40.378501 -3.779152
48 0 0 13 0 15 1 40.386141 -3.760489
38 0 0 5 0 3 2 40.386362 -3.765339
44 0 0 4 0 0 2 40.381326 -3.780620
43 0 0 7 0 7 2 40.498533 -3.667777
47 0 0 6 0 2 2 40.363346 -3.605036
47 0 0 16 0 15 2 40.472233 -3.719204
43 0 0 11 0 1 2 40.383590 -3.783393
43 0 0 4 0 0 2 40.385863 -3.752920
47 0 0 6 0 1 1 40.448084 -3.716936
47 0 0 16 0 20 2 40.429660 -3.730680
43 0 0 17 0 21 2 40.458620 -3.784627
39 0 0 6 0 4 2 40.464397 -3.719954
47 0 0 7 0 21 2 40.468270 -3.719217
44 0 0 7 0 0 1 40.383088 -3.779800
44 0 0 12 0 1 2 40.372867 -3.618691
44 0 0 25 0 36 2 40.376255 -3.637076
44 0 0 3 0 0 2 40.440944 -3.672339
43 0 0 6 0 5 2 40.509104 -3.669552
47 0 0 7 0 10 2 40.379591 -3.770248
47 0 0 18 0 9 2 40.380448 -3.614061
47 0 0 15 0 10 2 40.368134 -3.622831
43 0 0 11 0 2 2 40.371361 -3.607854
47 0 0 16 0 15 2 40.370440 -3.612530
47 0 0 9 0 3 2 40.363160 -3.589705
43 0 0 12 0 21 2 40.395000 -3.700400
43 0 0 13 0 1 1 40.381703 -3.711296
43 0 0 5 0 6 2 40.483370 -3.706904
43 0 0 16 0 16 1 40.449100 -3.690800
43 0 0 9 0 7 2 40.459137 -3.689415
44 0 0 16 0 17 2 40.369168 -3.715691
43 0 0 6 0 0 2 40.452148 -3.615416
43 0 0 4 0 0 2 40.445793 -3.668288
43 0 0 6 0 22 2 40.434281 -3.608116
43 0 0 3 0 0 2 40.422190 -3.618650
43 0 0 20 0 9 2 40.461137 -3.593712
43 0 0 17 0 22 2 40.472048 -3.585751
47 0 0 9 0 4 2 40.462674 -3.584056
43 0 0 15 0 18 2 40.473140 -3.590685
47 0 0 9 0 3 2 40.463280 -3.617834
43 0 0 19 0 15 2 40.344926 -3.712904
47 0 0 30 0 25 2 40.353285 -3.683127
43 0 0 15 0 6 1 40.348600 -3.696082
43 0 0 19 0 24 2 40.350494 -3.677524
43 0 0 12 0 6 2 40.401782 -3.718569
43 0 0 10 0 7 1 40.373972 -3.739840
43 0 0 5 0 0 2 40.410692 -3.730554
43 0 0 9 0 6 2 40.502930 -3.670425
43 0 0 17 0 0 2 40.373826 -3.623630
44 0 0 6 0 7 1 40.378350 -3.754582
44 0 0 14 0 18 1 40.332546 -3.699266
44 0 0 8 0 14 1 40.468422 -3.716673
44 0 0 9 0 3 1 40.513992 -3.671704
44 0 0 5 0 3 1 40.509323 -3.692837
44 0 0 6 0 8 1 40.482551 -3.714957
44 0 0 19 0 24 1 40.470347 -3.581503
44 0 0 16 0 22 0 40.475636 -3.583887
44 0 0 8 0 2 1 40.406236 -3.608489
44 0 0 6 0 0 1 40.403430 -3.622990
38 0 0 3 0 0 1 40.402152 -3.606367
38 0 0 12 0 0 1 40.396301 -3.606660
44 0 0 15 0 24 1 40.394706 -3.683170
43 0 0 8 0 5 1 40.408947 -3.607833
43 0 0 10 0 8 1 40.402054 -3.708212
43 0 0 12 0 12 1 40.399236 -3.603668
43 0 0 21 0 27 1 40.396758 -3.681343
44 0 0 14 0 3 1 40.491644 -3.704883
44 0 0 8 0 9 1 40.433333 -3.600975
44 0 0 5 0 5 0 40.423893 -3.604818
44 0 0 9 0 13 1 40.449095 -3.609553
63 0 0 17 0 23 1 40.407573 -3.690538
27 0 0 19 0 24 1 40.407521 -3.690475
47 0 0 9 0 12 1 40.366850 -3.598193
44 0 0 21 0 1 1 40.350029 -3.704308
44 0 0 15 0 38 1 40.353261 -3.687753
44 0 0 21 0 29 1 40.345928 -3.707413
43 0 0 9 0 7 1 40.472852 -3.633358
44 0 0 15 0 24 1 40.473325 -3.577654
47 0 0 13 0 22 1 40.460647 -3.582075
43 0 0 15 0 21 1 40.406725 -3.683186
43 0 0 7 0 12 1 40.515720 -3.662689
43 0 0 11 0 7 1 40.341725 -3.692444
43 0 0 14 0 5 1 40.355350 -3.704644
43 0 0 7 0 3 1 40.487363 -3.698485
44 0 0 14 0 33 1 40.406221 -3.742019
43 0 0 7 0 3 1 40.477248 -3.636570
43 0 0 5 0 1 1 40.489187 -3.665856
47 0 0 9 0 30 1 40.499439 -3.653150
43 0 0 9 0 6 1 40.483962 -3.615709
39 0 0 26 0 23 1 40.416779 -3.734525
43 0 0 12 0 20 1 40.496820 -3.674357
43 0 0 12 0 6 1 40.404043 -3.719600
43 0 0 4 0 7 1 40.447417 -3.664926
47 0 0 10 0 4 0 40.479240 -3.631218
47 0 0 22 0 35 1 40.344115 -3.676150
43 0 0 10 0 6 1 40.471784 -3.629138
35 0 0 9 0 17 1 40.411622 -3.721178
41 0 0 19 0 7 0 40.396630 -3.679186
43 0 0 5 0 0 1 40.418133 -3.678780
43 0 0 5 0 0 1 40.408339 -3.712793
43 0 0 18 0 24 1 40.467530 -3.588235
44 0 0 16 0 10 1 40.476480 -3.716309
44 0 0 6 0 2 1 40.485801 -3.692340
47 0 0 4 0 10 1 40.398346 -3.761823
44 0 0 5 0 10 1 40.390744 -3.766484
44 0 0 8 0 9 1 40.383554 -3.768603
44 0 0 10 0 13 1 40.449422 -3.657367
47 0 0 10 0 7 1 40.407750 -3.752856
47 0 0 12 0 6 1 40.403160 -3.761051
43 0 0 10 0 0 1 40.449051 -3.784554
47 0 0 21 0 21 1 40.448553 -3.733574
43 0 0 13 0 18 0 40.415208 -3.691906
43 0 0 9 0 10 1 40.463861 -3.613867
43 0 0 9 0 11 1 40.403472 -3.601922
44 0 0 6 0 8 1 40.397375 -3.619645
44 0 0 12 0 15 1 40.350985 -3.692163
44 0 0 11 0 16 1 40.389433 -3.733549
43 0 0 11 0 21 1 40.341753 -3.711818
44 0 0 16 0 23 1 40.395939 -3.716053
44 0 0 18 0 31 1 40.432051 -3.737028
39 0 0 15 0 26 1 40.486635 -3.650354
43 0 0 16 0 26 1 40.410445 -3.718482
43 0 0 21 0 18 1 40.357546 -3.684788
43 0 0 11 0 22 1 40.399005 -3.709917
47 0 0 5 0 0 1 40.397098 -3.765698
43 0 0 8 0 1 1 40.374979 -3.773381
44 0 0 5 0 7 1 40.368477 -3.755392
43 0 0 18 0 20 1 40.374348 -3.627635
47 0 0 2 0 0 1 40.363376 -3.599352
47 0 0 5 0 7 1 40.398797 -3.621148
47 0 0 16 0 7 1 40.405000 -3.598880
47 0 0 18 0 6 1 40.402255 -3.596875
43 0 0 5 0 0 1 40.468271 -3.646859
43 0 0 2 0 3 1 40.462898 -3.646752
43 0 0 8 0 11 1 40.494111 -3.656674
43 0 0 5 0 11 1 40.499909 -3.658921
44 0 0 3 0 0 1 40.501559 -3.682469
43 0 0 15 0 16 1 40.509198 -3.678203
47 0 0 5 0 1 1 40.505192 -3.664157
43 0 0 8 0 5 1 40.450172 -3.771910
44 0 0 4 0 0 1 40.451682 -3.710274
43 0 0 12 0 11 1 40.492868 -3.620114
43 0 0 16 0 9 1 40.490908 -3.612107
43 0 0 15 0 7 1 40.394186 -3.693941
43 0 0 20 0 27 1 40.446868 -3.573031
43 0 0 16 0 15 1 40.444770 -3.568829
43 0 0 20 0 9 1 40.376297 -3.665886
43 0 0 18 0 7 1 40.381382 -3.672609
43 0 0 12 0 18 1 40.386022 -3.671961
43 0 0 13 0 19 1 40.358866 -3.702380
43 0 0 20 0 24 1 40.401326 -3.564012
43 0 0 17 0 18 1 40.398303 -3.548534
43 0 0 14 0 11 1 40.407067 -3.553002
43 0 0 14 0 2 1 40.405505 -3.560344
43 0 0 17 0 17 1 40.480258 -3.734639
43 0 0 9 0 6 1 40.453109 -3.734813
43 0 0 8 0 15 1 40.468732 -3.722789
43 0 0 4 0 0 1 40.462899 -3.717195
43 0 0 18 0 20 1 40.443580 -3.576652
43 0 0 19 0 26 1 40.374387 -3.659633
43 0 0 26 0 30 0 40.377730 -3.673105
43 0 0 20 0 14 1 40.435676 -3.734482
32 0 0 1 0 0 1 40.420172 -3.706494
25 0 0 21 0 25 0 40.397661 -3.669224
