CS 678 135 18182 0 4677 892 0 588 0 2402
0 19.429970 -99.178460
39 0 0 5 0 0 1 19.416795 -99.192508
19 0 0 4 0 0 2 19.367266 -99.158656
27 0 0 4 0 10 1 19.363404 -99.160395
19 0 0 5 0 0 2 19.364906 -99.162987
31 0 0 2 0 0 2 19.359583 -99.162085
23 0 0 1 0 0 2 19.367816 -99.175269
23 0 0 1 0 0 2 19.364730 -99.174447
27 1 0 1 0 1 0 19.370990 -99.176135
27 0 0 6 0 0 2 19.373198 -99.184274
35 0 0 2 0 0 2 19.424784 -99.172119
23 0 0 10 0 5 2 19.433766 -99.130918
27 0 0 8 0 10 2 19.370566 -99.156622
23 0 0 2 0 0 2 19.376997 -99.158779
35 0 0 6 0 6 2 19.372474 -99.171639
19 0 0 5 0 11 2 19.384849 -99.167040
34 0 0 4 0 4 2 19.368107 -99.164376
23 0 0 9 0 10 2 19.375543 -99.178011
23 0 0 4 0 1 2 19.385494 -99.183744
35 0 0 9 0 9 2 19.372469 -99.164538
35 0 0 4 0 4 2 19.375397 -99.163778
23 0 0 2 0 4 1 19.379435 -99.162794
19 0 0 2 0 0 2 19.382123 -99.181091
21 0 0 5 0 0 2 19.381123 -99.186670
11 0 0 2 0 6 2 19.367103 -99.170581
31 1 0 2 0 0 0 19.369520 -99.179421
19 0 0 8 0 6 2 19.398946 -99.183254
15 0 0 6 0 3 1 19.396340 -99.183571
19 0 0 3 0 0 2 19.377966 -99.170272
27 0 0 2 0 0 2 19.363699 -99.171185
19 1 0 2 0 1 0 19.362037 -99.172683
31 0 0 3 0 0 2 19.375865 -99.168219
19 0 0 1 0 1 2 19.364916 -99.175985
31 0 0 3 0 2 2 19.376959 -99.161099
23 1 0 12 0 23 0 19.375865 -99.185573
19 0 0 6 0 7 1 19.385457 -99.178272
31 0 0 3 0 2 2 19.373136 -99.167067
23 0 0 2 0 3 1 19.382335 -99.178884
19 1 0 10 0 14 0 19.374267 -99.180546
19 0 0 2 0 0 2 19.379593 -99.181351
47 0 0 14 0 19 1 19.373161 -99.178243
26 1 0 2 0 0 0 19.394862 -99.173006
31 0 0 2 0 0 2 19.378827 -99.176944
23 1 0 1 0 4 0 19.381714 -99.176664
23 0 0 7 0 15 1 19.387624 -99.180978
59 1 0 7 0 6 0 19.358571 -99.156102
19 0 0 5 0 13 2 19.363061 -99.158334
27 0 0 2 0 1 2 19.370214 -99.173855
35 0 0 7 0 11 2 19.361245 -99.162390
23 0 0 2 0 0 2 19.380087 -99.164270
23 0 0 10 0 7 2 19.365023 -99.155490
35 1 0 2 0 1 0 19.369823 -99.172164
23 0 0 2 0 6 1 19.384447 -99.172039
30 0 0 5 0 4 2 19.370615 -99.181606
27 0 0 2 0 0 1 19.393712 -99.175815
27 0 0 2 0 1 2 19.380691 -99.175036
35 0 0 8 0 11 2 19.373307 -99.172471
35 0 0 2 0 1 1 19.393699 -99.175664
19 0 0 7 0 9 2 19.385632 -99.180848
31 0 0 4 0 2 2 19.397693 -99.172981
31 0 0 2 0 1 2 19.393643 -99.178156
27 1 0 8 0 5 0 19.392709 -99.183732
23 0 0 3 0 0 2 19.388178 -99.169667
23 0 0 1 0 0 2 19.388850 -99.177720
35 0 0 2 0 1 2 19.386989 -99.173438
19 1 0 7 0 8 0 19.387483 -99.165409
35 0 0 4 0 16 2 19.415243 -99.166756
31 0 0 1 0 6 2 19.409859 -99.179565
23 1 0 3 0 8 0 19.411814 -99.175957
15 0 0 2 0 4 2 19.384079 -99.160915
19 0 0 4 0 0 2 19.389358 -99.182606
27 1 0 3 0 2 0 19.391444 -99.173687
31 0 0 6 0 9 1 19.382889 -99.158352
23 0 0 3 0 1 2 19.393229 -99.168394
35 0 0 2 0 0 2 19.410468 -99.172802
23 0 0 3 0 1 2 19.420627 -99.168210
19 0 0 6 0 2 2 19.408689 -99.169938
27 1 0 7 0 8 0 19.412967 -99.166925
35 0 0 6 0 0 1 19.417102 -99.165607
35 0 0 4 0 2 2 19.411361 -99.171271
15 0 0 1 0 2 2 19.406550 -99.172275
27 0 0 15 0 15 2 19.407927 -99.168734
31 0 0 2 0 0 2 19.407549 -99.174348
23 1 0 3 0 9 0 19.422148 -99.160645
39 0 0 3 0 4 2 19.416890 -99.175620
27 0 0 2 0 9 2 19.411825 -99.178456
23 0 0 4 0 5 2 19.422351 -99.164174
15 0 0 2 0 8 2 19.414823 -99.178353
39 0 0 3 0 0 1 19.419107 -99.169735
27 0 0 5 0 17 2 19.418879 -99.176854
39 0 0 3 0 1 2 19.414099 -99.177158
39 0 0 4 0 3 2 19.393914 -99.171675
45 0 0 4 0 6 2 19.411280 -99.169825
35 0 0 9 0 0 1 19.424197 -99.156127
23 1 0 4 0 0 0 19.428485 -99.133800
23 0 0 13 0 21 2 19.426755 -99.135014
15 0 0 7 0 8 2 19.428214 -99.139494
27 0 0 5 0 5 2 19.429189 -99.132759
27 0 0 12 0 15 2 19.429947 -99.145910
59 1 0 30 0 40 0 19.427305 -99.149533
31 0 0 8 0 16 2 19.425502 -99.146337
35 0 0 16 0 28 2 19.434944 -99.150295
35 0 0 19 0 21 2 19.425126 -99.143391
35 0 0 9 0 0 2 19.436741 -99.134811
19 1 0 9 0 15 0 19.437400 -99.137571
23 0 0 4 0 0 0 19.432819 -99.151734
19 0 0 5 0 0 2 19.436522 -99.139811
15 1 0 5 0 2 0 19.433757 -99.135331
31 0 0 4 0 12 1 19.431630 -99.158547
31 0 0 18 0 28 2 19.425311 -99.137421
15 1 0 3 0 7 0 19.430369 -99.154419
27 0 0 7 0 10 2 19.424161 -99.153117
27 0 0 11 0 21 1 19.437569 -99.154680
21 0 0 6 0 4 1 19.435311 -99.147786
31 0 0 3 0 0 0 19.426753 -99.168619
27 0 0 3 0 0 2 19.427338 -99.166720
23 1 0 4 0 16 0 19.428985 -99.156640
31 0 0 3 0 5 2 19.429453 -99.162830
23 0 0 3 0 0 2 19.429804 -99.169451
43 0 0 3 0 0 2 19.424910 -99.172455
29 0 0 6 0 6 2 19.436274 -99.158425
27 0 0 8 0 0 2 19.438197 -99.165918
33 1 0 17 0 27 0 19.440839 -99.152265
71 0 0 30 0 32 2 19.440985 -99.152935
35 0 0 7 0 5 2 19.437118 -99.161862
69 0 0 39 0 60 2 19.442467 -99.151658
23 0 0 5 0 3 2 19.425355 -99.175150
31 0 0 7 0 6 2 19.439177 -99.159957
27 0 0 2 0 0 2 19.429947 -99.159698
70 1 0 38 0 59 0 19.442707 -99.152956
41 0 0 8 0 0 2 19.424558 -99.163518
15 0 0 3 0 3 1 19.432223 -99.161686
15 1 0 1 0 4 0 19.430963 -99.166986
23 0 0 5 0 7 2 19.420667 -99.156450
27 0 0 8 0 0 2 19.415192 -99.154837
27 0 0 6 0 4 2 19.412182 -99.158443
74 0 0 25 0 48 1 19.443684 -99.152465
23 0 0 2 0 0 2 19.430495 -99.171160
27 0 0 5 0 11 2 19.418774 -99.157081
23 0 0 9 0 23 0 19.416128 -99.162097
31 0 0 11 0 0 2 19.409577 -99.183818
29 0 0 10 0 0 2 19.412776 -99.182805
19 0 0 2 0 0 2 19.427705 -99.199120
27 0 0 1 0 3 2 19.432655 -99.205727
27 1 0 13 0 16 0 19.435882 -99.191520
23 0 0 4 0 2 2 19.437934 -99.197241
27 0 0 3 0 1 2 19.432276 -99.180640
74 0 0 23 0 51 2 19.407517 -99.155373
23 1 0 2 0 3 0 19.434861 -99.183322
27 0 0 4 0 3 2 19.431417 -99.195774
27 1 0 2 0 2 0 19.433419 -99.195746
35 1 0 15 0 21 0 19.433864 -99.188094
19 0 0 4 0 10 2 19.416596 -99.156879
23 0 0 2 0 2 1 19.430515 -99.203331
27 0 0 3 0 0 2 19.429712 -99.193579
35 1 0 1 0 2 0 19.437165 -99.207931
27 1 0 2 0 2 0 19.434353 -99.203220
23 0 0 3 0 2 1 19.432451 -99.188033
23 0 0 1 0 0 2 19.441123 -99.195857
49 0 0 14 0 13 2 19.425907 -99.190733
23 0 0 1 0 0 2 19.442421 -99.199838
31 0 0 2 0 0 2 19.424858 -99.185181
15 1 0 3 0 2 0 19.425437 -99.159458
23 0 0 8 0 13 2 19.414303 -99.157542
31 1 0 4 0 6 0 19.409894 -99.164288
23 0 0 5 0 10 1 19.405533 -99.164913
37 0 0 4 0 0 2 19.427922 -99.161246
39 0 0 12 0 23 1 19.401500 -99.156406
35 0 0 2 0 0 2 19.422686 -99.169983
19 1 0 2 0 2 0 19.427171 -99.158108
31 0 0 4 0 7 2 19.418293 -99.159936
17 0 0 3 0 1 2 19.424187 -99.166497
23 0 0 6 0 11 2 19.404268 -99.160503
27 0 0 2 0 0 2 19.404436 -99.171381
31 0 0 9 0 9 2 19.397373 -99.164598
35 1 0 4 0 4 0 19.420417 -99.172712
19 0 0 5 0 7 2 19.406959 -99.163021
19 1 0 4 0 3 0 19.399763 -99.177538
19 0 0 4 0 2 2 19.419579 -99.161314
36 0 0 4 0 1 2 19.426100 -99.164937
11 0 0 3 0 3 2 19.414968 -99.174766
27 0 0 3 0 5 2 19.415358 -99.171902
23 0 0 5 0 0 2 19.400599 -99.172460
21 0 0 5 0 10 2 19.412829 -99.155116
19 0 0 11 0 16 2 19.408841 -99.181692
23 0 0 6 0 16 2 19.406069 -99.183549
19 0 0 2 0 0 2 19.438693 -99.207573
23 0 0 2 0 3 2 19.401682 -99.176398
34 0 0 8 0 5 2 19.422288 -99.162138
27 0 0 6 0 17 2 19.423318 -99.158330
27 0 0 5 0 5 2 19.404554 -99.169953
27 0 0 2 0 8 2 19.440399 -99.186784
23 1 0 5 0 16 0 19.404609 -99.179410
27 0 0 2 0 0 2 19.438349 -99.192904
35 1 0 3 0 8 0 19.409098 -99.167181
27 1 0 2 0 1 0 19.437596 -99.188785
31 0 0 3 0 5 2 19.440106 -99.210031
15 1 0 1 0 3 0 19.425905 -99.204236
27 0 0 7 0 21 1 19.442690 -99.190830
27 0 0 2 0 0 0 19.434366 -99.206306
30 0 0 6 0 14 2 19.406236 -99.166616
27 0 0 1 0 0 2 19.427517 -99.208412
31 0 0 2 0 1 2 19.429324 -99.207159
17 1 0 2 0 2 0 19.427030 -99.212845
19 0 0 6 0 4 2 19.397923 -99.167248
21 0 0 5 0 11 2 19.396442 -99.160902
19 1 0 8 0 6 0 19.400710 -99.163831
19 0 0 7 0 7 2 19.398719 -99.161280
19 0 0 5 0 10 2 19.391323 -99.159360
25 0 0 2 0 8 2 19.418141 -99.174709
23 0 0 4 0 6 2 19.428989 -99.153618
27 0 0 3 0 2 2 19.388457 -99.160643
23 0 0 2 0 0 1 19.392195 -99.163987
19 0 0 3 0 8 2 19.428184 -99.170013
27 1 0 2 0 1 0 19.427862 -99.191405
23 0 0 2 0 3 2 19.386212 -99.160583
19 0 0 6 0 6 2 19.411711 -99.190139
19 0 0 7 0 9 2 19.394092 -99.162139
19 0 0 5 0 5 2 19.410046 -99.187960
15 0 0 2 0 1 2 19.429884 -99.177594
31 0 0 10 0 22 2 19.435136 -99.146076
27 0 0 3 0 1 2 19.434183 -99.173089
23 0 0 2 0 0 2 19.437667 -99.177110
11 0 0 3 0 7 2 19.433705 -99.146665
27 0 0 6 0 11 2 19.404825 -99.174722
15 0 0 2 0 3 2 19.434147 -99.179835
25 0 0 6 0 0 2 19.444433 -99.179664
31 1 0 10 0 8 0 19.398532 -99.157308
19 0 0 8 0 6 2 19.446073 -99.181654
33 1 0 8 0 18 0 19.435420 -99.150317
27 0 0 3 0 0 2 19.431044 -99.182206
33 0 0 3 0 0 2 19.437250 -99.179573
23 1 0 3 0 7 0 19.437128 -99.158363
29 0 0 7 0 0 2 19.426852 -99.155628
23 0 0 3 0 0 1 19.439249 -99.181065
27 0 0 5 0 0 2 19.433431 -99.155142
31 0 0 12 0 16 2 19.438326 -99.152238
35 1 0 11 0 15 0 19.440216 -99.156168
33 0 0 8 0 12 2 19.436764 -99.153865
23 0 0 2 0 0 2 19.431750 -99.177399
35 0 0 3 0 0 2 19.442127 -99.184433
31 0 0 12 0 17 2 19.441133 -99.161703
63 1 0 18 0 21 0 19.426744 -99.193986
35 0 0 12 0 10 1 19.422392 -99.150358
11 0 0 2 0 0 1 19.433344 -99.144040
31 1 0 11 0 11 0 19.436931 -99.133952
55 1 0 2 0 1 0 19.429332 -99.202181
11 0 0 5 0 8 2 19.427059 -99.137116
23 0 0 4 0 14 2 19.417715 -99.162729
35 1 0 8 0 8 0 19.437665 -99.164018
19 0 0 3 0 1 2 19.430683 -99.133701
31 0 0 7 0 0 1 19.419660 -99.175880
35 0 0 2 0 0 2 19.413091 -99.171620
25 1 0 5 0 2 0 19.432024 -99.139705
23 0 0 2 0 0 2 19.430862 -99.160259
23 0 0 4 0 3 2 19.425597 -99.171409
33 0 0 3 0 2 2 19.408741 -99.176774
27 0 0 6 0 0 2 19.427553 -99.167396
35 0 0 1 0 0 2 19.407240 -99.172077
36 0 0 2 0 0 2 19.425280 -99.171099
15 1 0 4 0 4 0 19.434059 -99.162438
39 1 0 5 0 0 0 19.424540 -99.173247
38 1 0 7 0 29 0 19.419251 -99.155039
11 0 0 4 0 1 2 19.434962 -99.133729
35 1 0 7 0 28 0 19.421138 -99.154725
31 0 0 5 0 7 2 19.415905 -99.159540
23 0 0 10 0 6 2 19.436531 -99.131497
23 0 0 2 0 0 2 19.435039 -99.173879
19 0 0 3 0 0 2 19.430153 -99.181355
35 0 0 4 0 2 2 19.354311 -99.162436
31 0 0 3 0 0 2 19.394693 -99.175531
15 1 0 2 0 0 0 19.424178 -99.161150
43 0 0 6 0 5 2 19.429160 -99.162703
19 0 0 2 0 4 1 19.427575 -99.177020
15 0 0 2 0 1 2 19.429261 -99.175380
31 0 0 4 0 7 2 19.427167 -99.160291
23 0 0 3 0 4 1 19.428949 -99.179796
31 0 0 4 0 5 2 19.432851 -99.183545
15 0 0 3 0 4 2 19.431115 -99.188082
23 0 0 1 0 0 2 19.433840 -99.199680
19 1 0 2 0 2 0 19.436064 -99.198898
17 0 0 2 0 0 2 19.438634 -99.206291
29 0 0 4 0 7 2 19.419506 -99.166365
33 1 0 4 0 4 0 19.416530 -99.179044
15 0 0 2 0 0 2 19.431192 -99.163546
35 0 0 5 0 0 2 19.433478 -99.167790
31 0 0 9 0 19 2 19.441533 -99.165268
28 0 0 3 0 0 2 19.424941 -99.172330
39 1 0 5 0 0 0 19.428802 -99.164381
35 0 0 4 0 5 2 19.420829 -99.171421
27 0 0 6 0 0 2 19.420281 -99.174392
35 0 0 2 0 0 2 19.423664 -99.172568
23 0 0 4 0 1 2 19.424728 -99.163348
31 0 0 3 0 1 2 19.428940 -99.185389
23 0 0 1 0 1 2 19.431783 -99.207381
35 0 0 15 0 17 2 19.433850 -99.188275
27 1 0 3 0 0 0 19.440818 -99.176961
31 0 0 4 0 10 2 19.438984 -99.177549
39 0 0 25 0 30 2 19.442717 -99.152262
23 0 0 1 0 0 2 19.440508 -99.193681
39 0 0 2 0 1 2 19.433364 -99.207553
27 1 0 9 0 13 0 19.445039 -99.194078
19 0 0 2 0 0 2 19.433803 -99.166223
23 0 0 3 0 3 2 19.426308 -99.203300
75 1 0 48 0 63 0 19.444031 -99.152187
19 1 0 4 0 8 0 19.437497 -99.187212
25 0 0 9 0 8 2 19.434182 -99.189835
25 0 0 2 0 0 2 19.431799 -99.201565
27 0 0 12 0 16 1 19.434076 -99.194091
25 1 0 2 0 2 0 19.424810 -99.171765
23 0 0 1 0 0 2 19.436142 -99.200996
17 0 0 1 0 0 2 19.432452 -99.159240
15 0 0 3 0 1 1 19.429314 -99.196965
33 1 0 2 0 0 0 19.428847 -99.201299
17 0 0 2 0 13 2 19.431256 -99.158153
35 0 0 2 0 1 2 19.431242 -99.191613
33 0 0 2 0 0 2 19.367522 -99.181727
31 0 0 5 0 0 2 19.440027 -99.200711
27 0 0 4 0 13 2 19.416824 -99.173788
27 1 0 6 0 10 0 19.412860 -99.160661
31 0 0 4 0 0 2 19.413252 -99.164124
35 1 0 9 0 10 0 19.408218 -99.159911
21 1 0 3 0 3 0 19.431172 -99.185612
35 0 0 16 0 12 2 19.442000 -99.159333
27 0 0 5 0 8 2 19.418031 -99.168435
23 0 0 8 0 22 1 19.404029 -99.184342
15 0 0 2 0 3 2 19.435867 -99.179856
23 0 0 9 0 5 1 19.443108 -99.162454
11 1 0 5 0 4 0 19.421576 -99.158015
19 0 0 2 0 0 2 19.413316 -99.175305
35 0 0 4 0 1 1 19.413832 -99.169399
23 0 0 3 0 10 1 19.420600 -99.163312
25 0 0 4 0 0 2 19.411668 -99.173824
31 0 0 16 0 15 2 19.426611 -99.144470
19 0 0 3 0 0 2 19.426448 -99.178153
23 0 0 7 0 11 2 19.441728 -99.167477
27 0 0 12 0 13 2 19.441747 -99.155639
27 0 0 6 0 17 2 19.410529 -99.160873
23 0 0 8 0 10 2 19.445947 -99.161378
23 0 0 10 0 8 2 19.443581 -99.164883
27 0 0 12 0 8 2 19.445044 -99.157133
27 0 0 11 0 23 2 19.404907 -99.162485
19 0 0 2 0 0 2 19.426614 -99.168078
15 0 0 3 0 1 2 19.432595 -99.154995
19 0 0 7 0 3 2 19.407960 -99.187901
39 0 0 4 0 0 2 19.418749 -99.171942
19 0 0 2 0 0 2 19.436208 -99.141931
19 1 0 5 0 8 0 19.399201 -99.179943
23 0 0 6 0 2 2 19.440252 -99.163455
35 0 0 3 0 0 1 19.424282 -99.180334
23 0 0 6 0 6 2 19.356486 -99.169456
35 0 0 13 0 14 1 19.430625 -99.142480
23 0 0 4 0 4 2 19.363955 -99.180789
19 0 0 6 0 8 2 19.406872 -99.169572
27 0 0 4 0 1 2 19.358003 -99.170106
23 0 0 7 0 4 2 19.403997 -99.177600
23 0 0 3 0 1 2 19.367600 -99.184992
35 1 0 7 0 2 0 19.406683 -99.167962
19 0 0 2 0 0 2 19.355339 -99.165613
19 0 0 3 0 2 2 19.357436 -99.163794
35 0 0 9 0 3 2 19.414793 -99.185083
23 1 0 6 0 14 0 19.407468 -99.165141
15 0 0 5 0 4 2 19.406745 -99.178272
35 1 0 3 0 6 0 19.410073 -99.175542
35 0 0 17 0 30 2 19.407512 -99.177361
35 0 0 11 0 20 2 19.405246 -99.156430
35 0 0 3 0 0 1 19.416163 -99.170795
23 0 0 6 0 11 1 19.403019 -99.174934
23 0 0 8 0 17 2 19.362050 -99.154976
27 0 0 4 0 7 1 19.402532 -99.178203
31 0 0 2 0 2 2 19.393059 -99.179483
31 0 0 8 0 0 2 19.402028 -99.171292
27 0 0 6 0 2 2 19.388748 -99.183924
31 0 0 3 0 1 2 19.399908 -99.166553
23 1 0 6 0 10 0 19.411227 -99.185514
35 0 0 3 0 3 2 19.397651 -99.169946
27 1 0 8 0 11 0 19.394412 -99.158907
15 1 0 4 0 0 0 19.395316 -99.181726
19 0 0 1 0 0 2 19.391647 -99.177331
15 0 0 6 0 5 1 19.385751 -99.186297
27 0 0 3 0 3 2 19.391991 -99.162684
31 0 0 7 0 5 2 19.390306 -99.184812
27 1 0 6 0 14 0 19.403229 -99.165854
35 0 0 8 0 11 2 19.396189 -99.156877
23 0 0 2 0 0 2 19.385531 -99.169673
23 0 0 8 0 4 2 19.394283 -99.158756
27 1 0 3 0 6 0 19.388986 -99.163245
31 0 0 8 0 7 2 19.385625 -99.158193
23 0 0 8 0 5 1 19.370769 -99.187361
19 0 0 2 0 0 2 19.435478 -99.206359
35 0 0 8 0 9 1 19.391456 -99.166157
27 0 0 3 0 3 2 19.394601 -99.165054
19 0 0 7 0 6 1 19.401986 -99.156366
27 0 0 9 0 1 2 19.431440 -99.132513
35 1 0 2 0 2 0 19.395043 -99.173821
31 0 0 4 0 8 2 19.384146 -99.185491
19 0 0 2 0 3 2 19.378423 -99.181891
31 0 0 2 0 2 2 19.373725 -99.169807
27 0 0 3 0 0 2 19.391056 -99.171200
31 0 0 7 0 5 2 19.396917 -99.166264
23 0 0 1 0 2 2 19.374756 -99.173539
27 0 0 3 0 0 2 19.384242 -99.163260
23 0 0 4 0 0 2 19.369672 -99.179581
19 1 0 3 0 0 0 19.377932 -99.166594
27 0 0 6 0 9 2 19.371279 -99.177623
39 1 0 19 0 22 0 19.374912 -99.185807
19 0 0 2 0 0 2 19.384474 -99.176084
31 0 0 4 0 5 2 19.382370 -99.159878
15 0 0 5 0 3 2 19.392721 -99.184727
35 0 0 2 0 2 2 19.379941 -99.177224
39 0 0 16 0 18 2 19.373438 -99.179531
19 0 0 3 0 2 2 19.435526 -99.184747
19 0 0 8 0 16 2 19.371650 -99.170150
30 0 0 1 0 2 2 19.366230 -99.177904
27 1 0 3 0 1 0 19.386531 -99.175107
35 0 0 19 0 26 2 19.375651 -99.185586
19 0 0 2 0 1 2 19.368403 -99.177472
23 0 0 3 0 0 2 19.380839 -99.183932
19 0 0 2 0 2 1 19.382011 -99.173289
26 0 0 2 0 4 2 19.384966 -99.174117
26 0 0 5 0 1 1 19.396380 -99.172708
23 0 0 2 0 0 2 19.378546 -99.174297
31 1 0 4 0 3 0 19.372101 -99.161501
15 1 0 2 0 1 0 19.381287 -99.170200
19 0 0 1 0 4 2 19.363548 -99.170766
31 1 0 7 0 9 0 19.401807 -99.159090
19 0 0 9 0 17 2 19.403507 -99.181660
31 0 0 8 0 11 1 19.373833 -99.157433
23 1 0 2 0 3 0 19.435985 -99.194832
35 0 0 2 0 0 2 19.438143 -99.175190
23 1 0 2 0 2 0 19.442338 -99.205198
23 0 0 2 0 0 2 19.440905 -99.181743
19 1 0 3 0 8 0 19.436287 -99.174888
27 0 0 11 0 17 2 19.389477 -99.157513
19 1 0 4 0 7 0 19.359475 -99.159437
31 1 0 1 0 2 0 19.361214 -99.167721
15 0 0 3 0 0 2 19.434514 -99.138068
27 0 0 7 0 16 2 19.417702 -99.155313
31 0 0 2 0 2 2 19.379331 -99.161163
27 0 0 3 0 4 2 19.371040 -99.165653
23 0 0 7 0 2 2 19.406833 -99.180457
25 1 0 2 0 1 0 19.438174 -99.203836
35 0 0 3 0 4 2 19.388978 -99.174811
27 1 0 8 0 13 0 19.378362 -99.144007
27 0 0 8 0 10 2 19.370934 -99.158741
23 0 0 3 0 0 2 19.421762 -99.166931
23 0 0 5 0 0 2 19.443092 -99.177612
23 0 0 2 0 2 2 19.391431 -99.178989
15 1 0 3 0 4 0 19.430098 -99.200074
23 0 0 5 0 5 2 19.438506 -99.172696
19 0 0 1 0 0 2 19.373004 -99.174764
31 0 0 2 0 1 2 19.424842 -99.203739
27 0 0 2 0 0 2 19.380617 -99.167066
23 0 0 9 0 10 1 19.448764 -99.156817
25 0 0 2 0 0 2 19.393807 -99.171133
19 0 0 3 0 2 2 19.428491 -99.171693
35 0 0 9 0 12 2 19.449039 -99.170246
23 0 0 4 0 2 2 19.410699 -99.165877
31 0 0 5 0 8 2 19.411990 -99.155699
39 0 0 13 0 34 2 19.445528 -99.166934
23 0 0 10 0 8 1 19.457544 -99.159463
17 1 0 3 0 0 0 19.410797 -99.168143
21 1 0 2 0 1 0 19.438347 -99.190503
35 0 0 2 0 0 2 19.367040 -99.167387
19 0 0 9 0 7 2 19.449367 -99.182461
35 0 0 5 0 6 2 19.453432 -99.174636
27 0 0 8 0 0 2 19.455343 -99.179056
37 1 0 5 0 3 0 19.453146 -99.166455
23 0 0 10 0 15 2 19.458881 -99.159215
51 1 0 4 0 2 0 19.452688 -99.170157
35 0 0 9 0 18 2 19.449153 -99.173433
19 1 0 8 0 11 0 19.455572 -99.175130
27 0 0 10 0 9 2 19.459553 -99.185111
31 0 0 10 0 14 2 19.460292 -99.188303
39 0 0 7 0 0 2 19.455986 -99.165966
19 0 0 1 0 0 2 19.428679 -99.206605
27 0 0 13 0 9 1 19.452720 -99.158014
23 0 0 5 0 2 1 19.444826 -99.178393
27 0 0 10 0 8 2 19.449098 -99.159952
23 0 0 4 0 2 2 19.437334 -99.169573
31 0 0 13 0 18 2 19.430267 -99.148610
23 1 0 9 0 12 0 19.449405 -99.176635
31 0 0 4 0 4 2 19.362950 -99.183161
27 0 0 11 0 14 2 19.450506 -99.157375
23 0 0 9 0 7 1 19.453965 -99.152468
23 0 0 5 0 10 2 19.350776 -99.155379
35 0 0 3 0 1 2 19.363153 -99.186963
35 0 0 4 0 2 2 19.350062 -99.160024
23 0 0 6 0 9 2 19.344976 -99.157824
23 0 0 5 0 11 2 19.344237 -99.150065
23 1 0 7 0 16 0 19.347503 -99.152440
31 0 0 4 0 1 2 19.347246 -99.158570
27 0 0 7 0 2 2 19.346420 -99.145669
39 0 0 8 0 5 1 19.362323 -99.148805
27 0 0 8 0 7 2 19.398858 -99.151211
23 1 0 4 0 5 0 19.353243 -99.163753
39 0 0 3 0 1 2 19.351576 -99.164567
27 0 0 7 0 18 2 19.382115 -99.153988
31 0 0 6 0 0 2 19.387480 -99.153876
31 0 0 8 0 9 2 19.375677 -99.152953
23 0 0 3 0 6 2 19.352052 -99.157981
31 0 0 9 0 15 2 19.384589 -99.150517
19 0 0 3 0 2 1 19.349149 -99.169646
33 0 0 5 0 7 2 19.346975 -99.178791
27 1 0 3 0 3 0 19.356750 -99.171769
31 0 0 6 0 7 2 19.381824 -99.148086
35 0 0 9 0 16 1 19.392523 -99.146194
27 0 0 11 0 9 2 19.420029 -99.140999
23 0 0 5 0 3 2 19.347283 -99.170834
23 1 0 4 0 2 0 19.351426 -99.175455
23 0 0 6 0 4 2 19.381277 -99.145804
23 1 0 5 0 3 0 19.350720 -99.146786
19 0 0 1 0 0 2 19.376367 -99.155872
23 0 0 7 0 8 2 19.420370 -99.146818
31 1 0 9 0 16 0 19.384623 -99.139817
35 0 0 13 0 24 2 19.375518 -99.144118
31 1 0 4 0 3 0 19.351578 -99.150941
31 0 0 11 0 15 2 19.388148 -99.148446
31 0 0 6 0 13 2 19.411609 -99.153140
35 0 0 10 0 4 1 19.377516 -99.148116
23 0 0 10 0 10 2 19.381804 -99.142997
27 0 0 8 0 2 2 19.399664 -99.145136
23 0 0 7 0 8 2 19.365760 -99.144413
31 0 0 13 0 23 2 19.390945 -99.142972
27 0 0 11 0 13 2 19.370133 -99.145866
23 0 0 8 0 8 2 19.418013 -99.144598
23 0 0 9 0 7 2 19.364528 -99.146988
27 0 0 11 0 23 1 19.412853 -99.138723
22 0 0 5 0 3 2 19.444053 -99.167429
23 0 0 7 0 12 2 19.419444 -99.149776
27 0 0 9 0 18 2 19.421599 -99.143408
23 0 0 7 0 8 2 19.387506 -99.146338
23 1 0 9 0 10 0 19.417133 -99.145649
23 0 0 6 0 15 2 19.398590 -99.137732
23 0 0 8 0 8 2 19.419509 -99.153227
27 0 0 10 0 11 1 19.372175 -99.146356
23 0 0 3 0 3 1 19.355544 -99.178992
27 0 0 11 0 0 1 19.410884 -99.144975
23 0 0 4 0 3 1 19.354876 -99.153611
23 0 0 2 0 0 1 19.354803 -99.175419
27 0 0 13 0 20 1 19.394422 -99.143291
39 0 0 16 0 15 1 19.447029 -99.154311
19 0 0 3 0 1 1 19.443239 -99.202809
23 1 0 4 0 4 0 19.362041 -99.175158
31 0 0 2 0 2 1 19.354886 -99.184642
35 0 0 13 0 17 1 19.416221 -99.134909
27 0 0 12 0 24 1 19.408649 -99.151126
23 0 0 4 0 4 1 19.361489 -99.177432
33 0 0 11 0 14 1 19.423056 -99.134941
27 0 0 4 0 4 1 19.358863 -99.182930
27 0 0 4 0 5 1 19.358634 -99.152732
19 1 0 9 0 17 0 19.415713 -99.141227
27 0 0 4 0 0 1 19.352203 -99.178393
27 0 0 8 0 4 1 19.454257 -99.172593
35 1 0 5 0 4 0 19.349277 -99.164921
27 0 0 12 0 16 1 19.464500 -99.169480
31 0 0 11 0 6 1 19.406970 -99.143830
19 0 0 11 0 14 1 19.409817 -99.141643
29 0 0 9 0 26 1 19.413235 -99.143476
31 0 0 11 0 17 1 19.399172 -99.140625
27 0 0 4 0 1 1 19.355809 -99.149393
27 0 0 7 0 11 1 19.372907 -99.149207
27 0 0 3 0 4 1 19.349307 -99.179074
23 0 0 9 0 12 1 19.367465 -99.148786
23 1 0 2 0 0 0 19.378281 -99.158410
23 0 0 6 0 7 1 19.462152 -99.178291
39 0 0 11 0 5 1 19.370586 -99.142294
19 0 0 3 0 1 1 19.357086 -99.160197
35 0 0 7 0 0 0 19.460356 -99.174283
31 0 0 3 0 2 1 19.351594 -99.184772
31 0 0 6 0 10 1 19.390019 -99.151110
27 0 0 13 0 13 1 19.419810 -99.135941
23 0 0 8 0 10 1 19.364001 -99.150422
27 0 0 5 0 7 1 19.465638 -99.186178
23 0 0 3 0 2 1 19.358903 -99.177997
31 0 0 6 0 6 1 19.402277 -99.153294
31 0 0 11 0 23 1 19.470485 -99.188509
23 0 0 10 0 17 1 19.468300 -99.165619
23 0 0 10 0 14 1 19.464826 -99.163177
19 0 0 7 0 6 1 19.466690 -99.180302
27 0 0 3 0 0 1 19.396983 -99.155114
27 0 0 6 0 14 1 19.465377 -99.179197
23 0 0 6 0 9 1 19.464891 -99.177242
31 0 0 8 0 9 1 19.466423 -99.173061
27 0 0 9 0 5 1 19.468315 -99.177386
23 0 0 3 0 0 1 19.355942 -99.157461
23 1 0 5 0 5 0 19.356689 -99.153269
27 0 0 5 0 2 1 19.348076 -99.149060
23 0 0 8 0 10 1 19.451838 -99.154584
23 0 0 11 0 10 1 19.367131 -99.142838
27 0 0 8 0 9 1 19.423673 -99.147957
27 1 0 7 0 4 0 19.405358 -99.143160
31 0 0 6 0 0 1 19.392463 -99.150544
27 0 0 9 0 18 1 19.398143 -99.148333
19 0 0 6 0 12 1 19.361743 -99.143867
27 0 0 12 0 11 1 19.402088 -99.142976
23 0 0 6 0 4 1 19.456546 -99.169344
15 0 0 4 0 4 1 19.440460 -99.174564
31 1 0 11 0 20 0 19.395888 -99.145344
27 0 0 4 0 0 1 19.347699 -99.186901
19 0 0 10 0 12 1 19.461773 -99.162241
23 0 0 8 0 4 1 19.449773 -99.163136
23 1 0 6 0 10 0 19.455319 -99.181368
23 0 0 11 0 16 0 19.426490 -99.133537
23 0 0 4 0 3 1 19.352143 -99.162096
19 1 0 6 0 8 0 19.390910 -99.138953
23 0 0 4 0 4 1 19.345966 -99.172975
25 0 0 6 0 2 1 19.354411 -99.147795
31 0 0 3 0 3 1 19.352531 -99.164913
23 1 0 8 0 8 0 19.361371 -99.150619
27 0 0 6 0 14 1 19.344107 -99.155933
23 0 0 8 0 5 1 19.455104 -99.157691
23 0 0 8 0 6 1 19.453778 -99.163128
31 0 0 12 0 0 1 19.401175 -99.137480
27 1 0 10 0 25 0 19.422300 -99.139872
31 0 0 9 0 9 1 19.401018 -99.147952
23 0 0 4 0 4 1 19.346895 -99.163868
23 0 0 10 0 10 1 19.448935 -99.179295
31 0 0 3 0 9 1 19.382606 -99.156592
26 0 0 9 0 0 1 19.379458 -99.140943
27 1 0 12 0 15 0 19.395084 -99.139519
27 0 0 3 0 4 1 19.361846 -99.186814
27 0 0 11 0 18 1 19.464964 -99.160455
31 0 0 6 0 0 1 19.393100 -99.152012
36 1 0 3 0 2 0 19.364577 -99.186288
35 0 0 12 0 19 1 19.408087 -99.137763
19 1 0 8 0 10 0 19.445916 -99.170401
27 1 0 11 0 6 0 19.414677 -99.136894
27 0 0 4 0 1 1 19.395205 -99.155049
14 0 0 6 0 0 0 19.412438 -99.188493
23 0 0 2 0 0 1 19.359863 -99.165065
27 1 0 11 0 26 0 19.417595 -99.140972
23 0 0 7 0 3 1 19.359256 -99.144433
51 1 0 8 0 13 0 19.388430 -99.139772
15 0 0 3 0 1 1 19.344873 -99.163570
31 0 0 11 0 16 1 19.387174 -99.143708
23 0 0 9 0 9 1 19.368156 -99.151883
27 0 0 7 0 7 1 19.458773 -99.164499
15 0 0 9 0 14 0 19.411768 -99.140899
23 1 0 5 0 6 0 19.384965 -99.153588
27 0 0 11 0 11 1 19.360545 -99.147501
27 0 0 8 0 0 1 19.446383 -99.175980
27 0 0 4 0 6 1 19.389293 -99.156348
27 0 0 9 0 4 1 19.370891 -99.151577
19 0 0 7 0 10 1 19.379442 -99.150064
27 0 0 13 0 23 1 19.411398 -99.135655
39 0 0 9 0 13 0 19.469578 -99.189828
31 0 0 3 0 3 1 19.440925 -99.205049
27 1 0 10 0 24 0 19.413464 -99.148029
33 1 0 19 0 24 0 19.470699 -99.178323
27 1 0 10 0 13 0 19.394974 -99.138949
23 0 0 7 0 17 1 19.416239 -99.149542
23 0 0 5 0 13 1 19.417671 -99.152786
27 0 0 9 0 1 1 19.404668 -99.136946
27 0 0 8 0 10 1 19.406326 -99.138779
19 1 0 10 0 14 0 19.466952 -99.162928
31 1 0 18 0 20 0 19.447481 -99.155443
31 0 0 14 0 20 1 19.444812 -99.170307
27 0 0 3 0 2 1 19.350383 -99.187223
19 0 0 11 0 14 0 19.409480 -99.135894
27 0 0 11 0 10 1 19.470597 -99.170053
19 0 0 10 0 7 1 19.471112 -99.165294
19 0 0 8 0 12 0 19.462364 -99.183671
19 0 0 7 0 15 1 19.469622 -99.184082
21 1 0 6 0 10 0 19.460836 -99.171151
23 0 0 6 0 8 1 19.459686 -99.181778
23 1 0 11 0 17 0 19.460494 -99.167270
27 0 0 1 0 0 1 19.361792 -99.171471
19 0 0 4 0 3 1 19.358236 -99.188106
27 1 0 8 0 7 0 19.366701 -99.188228
35 1 0 8 0 9 0 19.362526 -99.188958
19 0 0 9 0 10 0 19.465541 -99.166726
35 0 0 3 0 3 1 19.359040 -99.184498
27 0 0 7 0 15 1 19.463941 -99.182280
23 0 0 4 0 0 0 19.353534 -99.189548
19 1 0 3 0 4 0 19.355844 -99.189141
39 0 0 5 0 0 1 19.414108 -99.191983
23 0 0 8 0 10 1 19.468119 -99.167268
