958 137 21773 9538 1986 366 1360 375 4268 1359
0 45.529897 -73.601752
19 0 2 0 3 2 1 45.499480 -73.575977
27 0 8 0 8 0 1 45.539385 -73.541000
19 0 5 1 3 0 1 45.511099 -73.567843
23 0 7 0 0 0 1 45.509655 -73.554009
23 0 10 5 12 4 1 45.525890 -73.650034
15 0 4 0 5 1 1 45.494520 -73.556766
23 0 2 0 0 0 1 45.511131 -73.562806
43 0 8 0 4 0 1 45.512936 -73.561245
23 0 11 2 13 0 1 45.498120 -73.577596
23 0 5 1 4 0 1 45.611231 -73.531242
19 0 8 2 14 1 1 45.548632 -73.574696
23 0 6 1 2 1 1 45.501375 -73.573458
31 0 8 0 2 0 0 45.513441 -73.562618
43 0 13 2 5 2 1 45.513723 -73.560310
15 0 6 0 2 0 1 45.515314 -73.561350
27 0 11 1 15 1 1 45.472599 -73.539806
27 0 6 0 4 0 1 45.520666 -73.563915
19 0 9 0 3 1 1 45.518890 -73.563530
28 0 19 1 23 5 0 45.518143 -73.568004
27 0 6 1 5 0 1 45.513745 -73.566663
27 0 5 0 5 0 1 45.521105 -73.562294
67 0 12 0 3 0 1 45.497929 -73.552732
31 0 13 5 8 5 1 45.526500 -73.598128
15 0 6 0 2 0 1 45.507144 -73.555119
82 0 15 1 5 0 1 45.507610 -73.551836
27 0 12 2 0 0 1 45.502054 -73.573465
15 0 3 0 3 2 1 45.480674 -73.583516
29 0 6 0 2 0 1 45.504577 -73.559184
19 0 10 0 5 2 1 45.506386 -73.559695
27 0 17 1 23 0 1 45.520502 -73.567701
37 0 10 1 3 0 1 45.505312 -73.560891
47 0 16 0 5 1 1 45.504242 -73.553469
27 0 10 1 3 0 1 45.526945 -73.580053
23 0 8 0 3 0 1 45.500891 -73.559045
23 0 14 1 16 1 1 45.494458 -73.578717
31 0 12 1 3 0 1 45.501480 -73.560289
27 0 8 2 4 0 1 45.499825 -73.566080
24 0 12 1 21 1 0 45.520224 -73.579527
31 0 10 1 1 0 1 45.498847 -73.566858
27 0 6 1 4 1 1 45.508141 -73.574930
15 0 6 2 7 0 1 45.541448 -73.598394
47 0 13 0 0 0 1 45.497568 -73.555179
23 0 10 0 3 0 1 45.498370 -73.560556
21 0 8 2 19 2 0 45.531573 -73.603190
79 0 15 0 7 0 1 45.497527 -73.552676
27 0 7 0 2 0 1 45.508205 -73.568814
23 0 9 1 1 0 1 45.497796 -73.568251
27 0 11 1 8 0 1 45.496761 -73.570276
27 0 8 1 3 0 1 45.499164 -73.571900
28 0 15 6 16 12 0 45.526074 -73.613136
27 0 15 2 3 1 1 45.501188 -73.570455
19 0 3 0 4 1 1 45.498489 -73.574367
51 0 10 1 3 0 1 45.498617 -73.574160
49 0 20 5 8 1 1 45.500380 -73.575070
19 0 5 0 10 0 1 45.499718 -73.578908
19 0 8 1 9 3 1 45.513666 -73.538425
23 0 7 4 15 6 1 45.562687 -73.616512
39 0 15 2 2 2 1 45.506539 -73.576609
37 0 14 1 0 0 1 45.505173 -73.570652
15 0 3 0 3 0 1 45.556717 -73.530250
27 0 8 1 3 2 1 45.505274 -73.567479
31 0 12 3 8 2 1 45.473930 -73.604735
31 0 14 2 0 0 1 45.496635 -73.578637
19 0 8 4 15 0 1 45.549900 -73.583084
35 0 4 0 5 0 1 45.504376 -73.569019
19 0 7 0 6 0 1 45.495722 -73.554613
43 0 14 0 3 0 1 45.495447 -73.563294
23 0 9 3 12 4 1 45.527951 -73.595023
17 0 11 1 16 1 0 45.494872 -73.571124
19 0 7 0 3 0 1 45.535840 -73.557933
31 0 20 1 23 0 1 45.496032 -73.573459
19 0 9 1 13 2 1 45.534784 -73.604633
51 0 28 3 39 11 0 45.489481 -73.584556
27 0 16 2 23 3 1 45.491750 -73.583945
19 0 9 1 4 2 1 45.539988 -73.638113
27 0 12 2 25 2 0 45.492873 -73.580286
19 0 9 0 16 0 1 45.496581 -73.576215
31 0 7 0 3 1 1 45.509911 -73.563806
35 0 12 1 19 0 1 45.497586 -73.580600
17 0 6 0 8 0 1 45.463661 -73.595867
23 0 6 0 8 1 1 45.538859 -73.552818
27 0 9 0 13 0 1 45.516803 -73.554161
19 0 5 0 6 0 1 45.519375 -73.551910
39 0 11 1 7 2 1 45.520971 -73.549992
31 0 21 1 26 0 1 45.493847 -73.579178
17 0 4 0 10 0 1 45.527971 -73.549484
19 0 5 0 1 0 1 45.530063 -73.545592
27 0 9 0 6 0 1 45.527088 -73.547942
15 0 3 0 5 0 1 45.519132 -73.557890
23 0 6 0 5 0 1 45.521190 -73.553798
32 0 9 0 1 0 1 45.523845 -73.552366
27 0 11 1 4 1 1 45.501987 -73.555166
23 0 6 1 11 6 1 45.599199 -73.512188
21 0 10 1 2 0 1 45.505386 -73.570432
37 0 6 2 4 1 1 45.502085 -73.562941
35 0 9 0 6 0 1 45.526991 -73.558212
23 0 10 1 6 0 1 45.533706 -73.552179
23 0 5 0 1 0 1 45.534563 -73.554786
28 0 10 1 27 0 0 45.507101 -73.569077
19 0 3 0 8 0 1 45.523304 -73.558000
19 0 6 0 4 0 1 45.531837 -73.553488
33 0 13 4 27 6 0 45.499747 -73.630199
26 0 13 2 24 1 1 45.479005 -73.619562
24 0 9 5 14 8 0 45.537891 -73.618215
23 0 10 4 7 1 1 45.466913 -73.631587
39 0 24 2 34 4 1 45.533786 -73.562281
27 0 19 0 24 0 1 45.534518 -73.565325
19 0 5 1 1 0 1 45.529818 -73.562937
21 0 10 0 18 0 1 45.509347 -73.571223
47 0 11 3 4 3 1 45.507479 -73.578647
23 0 12 0 18 1 1 45.509759 -73.576107
23 0 11 2 18 2 1 45.543032 -73.562565
23 0 16 3 17 2 1 45.491226 -73.587630
25 0 14 2 21 4 0 45.533348 -73.605834
19 0 8 3 14 4 1 45.531958 -73.607001
19 0 7 2 10 0 1 45.544581 -73.571711
11 0 5 1 6 0 1 45.546635 -73.607765
16 0 6 1 12 3 1 45.552957 -73.602350
23 0 4 1 2 0 1 45.500536 -73.578113
23 0 13 2 11 1 1 45.522403 -73.581177
19 0 12 2 13 0 1 45.538403 -73.561964
31 0 8 0 2 0 1 45.530260 -73.557846
19 0 14 4 18 0 1 45.528015 -73.588175
38 0 26 0 36 2 0 45.527831 -73.571959
19 0 10 1 16 0 1 45.531664 -73.565364
15 0 7 0 10 0 1 45.532926 -73.563780
25 0 14 1 22 0 1 45.529707 -73.569981
19 0 8 1 13 0 1 45.533313 -73.566712
31 0 18 0 28 0 1 45.530088 -73.576882
28 0 14 1 26 2 0 45.519193 -73.577159
31 0 18 1 26 1 1 45.524518 -73.571977
23 0 12 1 12 0 1 45.523183 -73.568909
19 0 11 1 15 0 1 45.524790 -73.565450
23 0 12 2 18 0 1 45.527195 -73.564526
19 0 8 2 15 3 1 45.538670 -73.569360
35 0 21 2 26 0 1 45.537114 -73.571003
23 0 8 1 20 2 1 45.536404 -73.571413
27 0 16 2 26 0 1 45.534134 -73.573524
23 0 14 2 20 0 1 45.531767 -73.572414
23 0 11 1 20 2 1 45.532218 -73.575431
15 0 6 1 4 0 1 45.531989 -73.631441
21 0 6 2 19 2 0 45.527551 -73.576287
23 0 6 0 17 0 1 45.529275 -73.577939
23 0 16 1 19 0 1 45.530870 -73.581558
19 0 8 3 5 3 1 45.559930 -73.576775
19 0 7 2 17 0 0 45.532507 -73.580161
25 0 12 1 22 3 0 45.532077 -73.575143
31 0 19 5 27 3 1 45.529525 -73.604889
31 0 12 1 19 0 1 45.535430 -73.582200
27 0 13 1 21 0 1 45.533256 -73.583574
31 0 15 3 29 2 0 45.532588 -73.584664
43 0 21 5 32 11 0 45.532556 -73.589939
23 0 10 3 18 5 0 45.535822 -73.587102
27 0 19 4 17 1 1 45.530805 -73.598396
23 0 10 1 9 1 1 45.527432 -73.579917
19 0 11 2 15 2 1 45.529553 -73.587613
13 0 8 2 4 1 1 45.498083 -73.653009
39 0 30 1 30 0 1 45.519266 -73.569297
26 0 15 1 23 0 1 45.519101 -73.572683
15 0 4 1 9 0 1 45.525512 -73.574245
23 0 9 1 14 4 1 45.522426 -73.574184
15 0 4 0 10 0 1 45.524096 -73.575372
15 0 7 1 10 0 1 45.520628 -73.575949
30 0 6 0 2 0 1 45.498809 -73.554529
23 0 10 4 17 5 1 45.517537 -73.582415
19 0 9 2 10 4 1 45.522178 -73.584609
19 0 8 2 13 0 1 45.522365 -73.584146
27 0 16 2 15 0 1 45.524559 -73.582633
15 0 7 3 8 2 1 45.549121 -73.600874
19 0 11 2 14 4 0 45.528999 -73.588115
29 0 11 0 5 0 1 45.500015 -73.556253
27 0 14 1 21 3 1 45.526027 -73.577859
15 0 6 1 4 3 1 45.552289 -73.613006
23 0 14 1 21 0 1 45.526776 -73.586061
15 0 7 2 7 0 1 45.531438 -73.612701
23 0 8 3 11 3 1 45.525624 -73.604134
15 0 5 3 8 5 1 45.521547 -73.596978
23 0 7 3 6 1 1 45.525578 -73.592856
19 0 11 3 13 1 1 45.524486 -73.591307
23 0 9 4 20 0 1 45.522273 -73.588701
24 0 10 4 15 9 0 45.539038 -73.582520
23 0 11 2 17 1 1 45.529736 -73.595130
20 0 4 3 10 10 0 45.525194 -73.599356
26 0 10 4 8 7 1 45.524628 -73.595811
24 0 11 3 21 3 0 45.523481 -73.587328
27 0 8 1 0 0 1 45.506295 -73.572827
27 0 15 0 21 1 1 45.508959 -73.574212
35 0 21 1 30 1 1 45.510501 -73.575579
23 0 16 1 13 0 1 45.512856 -73.576928
27 0 8 2 16 8 1 45.541762 -73.612931
21 0 10 0 18 0 1 45.512916 -73.570556
29 0 10 3 8 0 1 45.550692 -73.656367
31 0 17 1 24 0 1 45.515228 -73.575096
27 0 15 7 20 3 1 45.515132 -73.581056
23 0 10 2 18 0 1 45.517869 -73.578427
31 0 18 1 24 1 1 45.516087 -73.570156
23 0 12 0 23 0 0 45.496579 -73.576502
51 0 31 16 38 13 0 45.514875 -73.584864
26 0 13 4 18 6 1 45.518967 -73.583616
19 0 8 1 14 1 1 45.517331 -73.574499
29 0 16 1 25 0 1 45.526911 -73.572701
49 0 20 11 33 13 1 45.519410 -73.586850
27 0 11 4 9 0 1 45.502777 -73.562578
52 0 22 11 34 16 1 45.517361 -73.585766
15 0 7 5 8 1 1 45.518198 -73.592392
24 0 8 5 14 10 0 45.519432 -73.590960
38 0 16 4 31 7 0 45.575566 -73.560983
27 0 11 7 16 11 0 45.520276 -73.594976
19 0 5 1 11 1 1 45.502634 -73.527493
37 0 11 7 23 13 1 45.523928 -73.600184
31 0 12 8 15 6 1 45.522989 -73.601887
19 0 5 2 13 6 0 45.527372 -73.603984
26 0 10 2 22 4 0 45.537072 -73.579331
20 0 9 1 18 2 0 45.531496 -73.581069
23 0 11 2 21 1 1 45.516664 -73.577220
19 0 8 3 9 7 1 45.549755 -73.605566
23 0 10 2 16 3 1 45.479008 -73.626927
23 0 11 1 16 0 1 45.530812 -73.566431
27 0 10 3 12 8 1 45.520338 -73.607755
31 0 12 5 21 10 0 45.522691 -73.613208
23 0 13 4 15 7 1 45.520855 -73.615740
36 0 13 4 29 7 0 45.532265 -73.611063
28 0 8 2 20 7 0 45.518612 -73.581561
15 0 6 2 7 1 0 45.536325 -73.612862
23 0 11 6 11 9 1 45.536785 -73.614888
23 0 10 3 18 2 1 45.534298 -73.612172
23 0 9 3 8 0 1 45.533286 -73.615464
19 0 10 3 9 5 1 45.539565 -73.614119
27 0 13 5 21 1 1 45.540060 -73.608970
30 0 11 5 25 3 1 45.538662 -73.605807
19 0 7 3 2 2 1 45.536420 -73.608082
43 0 28 9 37 6 0 45.537088 -73.593218
23 0 6 0 4 1 1 45.507088 -73.572280
25 0 10 5 14 10 1 45.539236 -73.585946
19 0 7 4 2 0 1 45.544306 -73.587917
19 0 7 1 12 0 1 45.537839 -73.601156
15 0 6 1 9 1 1 45.471179 -73.627002
19 0 10 5 15 4 0 45.543259 -73.591546
23 0 8 0 4 0 1 45.480417 -73.553164
23 0 10 4 18 3 1 45.546079 -73.589880
15 0 7 3 13 2 0 45.544426 -73.595781
19 0 6 2 15 1 1 45.539203 -73.600015
15 0 7 0 4 0 1 45.536285 -73.554477
22 0 5 2 12 9 1 45.543654 -73.601261
15 0 9 2 13 0 1 45.640138 -73.492357
19 0 7 2 12 2 1 45.554583 -73.596319
24 0 10 3 21 3 0 45.546779 -73.602817
28 0 12 2 25 3 0 45.530365 -73.584393
23 0 9 3 20 0 1 45.545350 -73.610330
23 0 8 4 15 0 1 45.541591 -73.607580
15 0 5 2 11 1 1 45.550010 -73.595760
19 0 7 1 7 1 1 45.551585 -73.599165
27 0 6 0 2 0 1 45.499809 -73.558914
36 0 14 4 26 9 0 45.543937 -73.584446
23 0 15 2 19 1 1 45.531921 -73.598048
32 0 12 6 21 9 1 45.534099 -73.595535
19 0 9 3 10 3 1 45.533410 -73.601124
31 0 8 0 6 0 1 45.483902 -73.563632
23 0 13 1 19 1 1 45.524683 -73.578897
19 0 12 3 3 2 1 45.494245 -73.647148
31 0 19 3 28 3 0 45.494986 -73.581267
19 0 6 3 7 5 1 45.525135 -73.604660
23 0 8 4 14 7 1 45.524962 -73.610546
23 0 6 4 17 6 0 45.524156 -73.605023
19 0 6 1 4 1 1 45.546128 -73.646504
20 0 7 3 16 4 0 45.551575 -73.582252
32 0 12 6 21 11 0 45.535789 -73.599347
35 0 7 0 12 0 1 45.492108 -73.562463
23 0 4 0 5 1 1 45.492913 -73.564688
23 0 13 2 11 0 1 45.539198 -73.573782
23 0 11 5 15 8 0 45.546861 -73.593210
22 0 13 4 10 3 1 45.523687 -73.592593
19 0 10 0 12 0 1 45.478401 -73.569563
19 0 3 0 2 0 1 45.488302 -73.568718
19 0 6 1 6 1 1 45.452972 -73.599349
19 0 4 0 4 0 1 45.455427 -73.567897
15 0 5 0 8 1 1 45.485329 -73.576923
19 0 7 0 2 1 1 45.495370 -73.568592
32 0 8 0 7 0 1 45.480208 -73.577599
23 0 4 0 0 0 1 45.483789 -73.575061
19 0 8 1 3 0 1 45.488826 -73.575312
18 0 5 1 13 3 1 45.519897 -73.580106
15 0 3 0 0 0 1 45.456862 -73.572123
23 0 7 3 20 2 1 45.507809 -73.625303
15 0 3 0 3 1 1 45.482430 -73.583680
39 0 18 4 14 7 1 45.501449 -73.633051
23 0 8 2 14 0 1 45.534882 -73.609412
26 0 9 1 23 3 0 45.529326 -73.574806
31 0 16 6 18 7 1 45.495538 -73.622258
19 0 11 1 9 0 1 45.489113 -73.647013
33 0 12 3 26 6 0 45.553585 -73.560529
19 0 10 2 15 0 1 45.536833 -73.577774
19 0 8 1 8 1 1 45.579438 -73.519628
29 0 13 1 3 0 1 45.546992 -73.551153
19 0 5 0 2 0 1 45.549877 -73.549229
23 0 14 2 21 1 1 45.510777 -73.578250
27 0 5 0 2 0 1 45.544290 -73.545232
27 0 3 0 5 1 1 45.540958 -73.547029
23 0 6 1 7 1 1 45.548145 -73.547126
19 0 12 2 10 2 1 45.569265 -73.526181
22 0 6 1 5 0 1 45.553219 -73.539782
23 0 4 0 7 1 1 45.551184 -73.540871
19 0 6 1 12 2 1 45.539680 -73.634504
23 0 7 3 15 4 1 45.539891 -73.620270
19 0 6 2 11 6 1 45.540951 -73.626375
15 0 5 2 6 5 1 45.540780 -73.630401
19 0 6 1 16 1 1 45.543424 -73.632462
23 0 9 2 14 2 1 45.542485 -73.636342
19 0 8 2 11 0 1 45.547211 -73.631052
25 0 10 4 14 11 0 45.543560 -73.627772
15 0 5 2 11 2 1 45.544788 -73.621610
24 0 6 3 16 8 0 45.543102 -73.616075
15 0 8 3 6 1 1 45.548513 -73.623655
23 0 12 2 13 0 1 45.474565 -73.624036
26 0 11 3 20 6 0 45.545433 -73.614385
19 0 7 1 5 0 1 45.467344 -73.570789
22 0 9 2 14 3 1 45.549480 -73.616055
43 0 32 3 42 1 0 45.524353 -73.581432
23 0 15 1 20 1 1 45.548916 -73.555207
9 0 5 2 3 1 1 45.558977 -73.599518
27 0 7 0 0 0 1 45.475743 -73.564601
23 0 7 0 6 0 1 45.480592 -73.565778
15 0 7 2 9 2 1 45.491202 -73.580745
15 0 6 1 12 0 1 45.545664 -73.635100
22 0 7 3 15 7 0 45.538887 -73.623907
27 0 12 2 14 3 1 45.471743 -73.613924
27 0 7 0 0 0 1 45.556262 -73.537441
23 0 9 3 15 1 1 45.476383 -73.622396
23 0 10 4 9 4 1 45.556867 -73.589306
26 0 7 3 18 8 0 45.551917 -73.593662
27 0 5 0 6 3 1 45.509290 -73.562416
15 0 5 2 9 5 0 45.553320 -73.587631
23 0 9 3 18 0 1 45.554787 -73.574259
34 0 8 6 23 11 0 45.547800 -73.584867
19 0 9 2 10 1 1 45.468927 -73.619870
27 0 10 1 21 6 0 45.549911 -73.558263
28 0 12 8 18 9 1 45.510142 -73.624752
24 0 10 3 16 8 0 45.544372 -73.580951
15 0 6 2 5 2 1 45.549490 -73.573272
27 0 10 2 7 2 1 45.457509 -73.639485
26 0 8 3 18 6 1 45.557192 -73.569847
31 0 14 4 23 8 0 45.547536 -73.575362
39 0 21 5 33 5 1 45.545188 -73.576443
27 0 11 2 21 3 0 45.547108 -73.569367
40 0 9 5 20 20 0 45.553320 -73.569328
27 0 8 1 2 0 1 45.469765 -73.589234
31 0 14 3 21 10 0 45.552936 -73.565771
23 0 3 0 3 0 1 45.491295 -73.561599
15 0 4 1 3 1 1 45.463374 -73.576834
19 0 7 1 13 1 1 45.551584 -73.561916
18 0 9 2 16 0 1 45.545776 -73.562175
23 0 12 1 22 0 1 45.545455 -73.556739
49 0 20 1 8 1 1 45.554373 -73.551375
15 0 5 3 10 3 1 45.517786 -73.603640
19 0 10 1 15 1 1 45.515621 -73.572130
15 0 6 4 9 2 1 45.514919 -73.619685
15 0 4 2 5 4 1 45.515617 -73.614991
11 0 4 2 4 4 1 45.514162 -73.611059
23 0 15 3 14 0 1 45.507437 -73.632658
49 0 15 6 37 12 0 45.536135 -73.622585
31 0 14 4 22 9 0 45.535204 -73.617522
21 0 9 2 17 4 0 45.538515 -73.577699
23 0 5 2 7 6 1 45.569502 -73.705924
27 0 5 1 1 0 1 45.514525 -73.568356
31 0 13 6 18 6 1 45.523055 -73.618175
23 0 12 0 22 1 0 45.511670 -73.574635
35 0 14 2 4 0 1 45.512470 -73.532122
34 0 7 1 10 7 1 45.506373 -73.524577
33 0 12 5 6 6 1 45.530351 -73.624392
23 0 7 1 3 1 1 45.521565 -73.535332
19 0 8 1 12 2 1 45.470379 -73.616638
15 0 4 0 8 0 1 45.554659 -73.546603
19 0 8 3 11 3 1 45.541247 -73.591045
15 0 6 1 14 0 1 45.477333 -73.615300
23 0 9 2 8 3 0 45.491513 -73.633649
23 0 12 1 8 0 1 45.502293 -73.573306
23 0 7 2 15 3 1 45.485149 -73.627544
19 0 6 1 3 2 1 45.559809 -73.658361
15 0 6 1 6 1 1 45.546408 -73.638428
23 0 3 0 12 3 1 45.530394 -73.703932
37 0 13 2 3 1 1 45.503704 -73.569415
15 0 5 1 1 0 1 45.480116 -73.585608
19 0 8 1 4 0 1 45.462831 -73.565938
15 0 6 1 11 0 1 45.517421 -73.578824
31 0 9 2 11 0 1 45.470727 -73.565469
33 0 10 2 3 0 1 45.467140 -73.542590
31 0 19 1 22 0 1 45.513343 -73.573016
23 0 12 2 14 6 1 45.459986 -73.543956
19 0 8 3 7 2 1 45.521646 -73.593668
19 0 8 2 10 1 1 45.486971 -73.589293
15 0 4 2 10 0 1 45.482846 -73.590910
15 0 4 1 5 4 1 45.477429 -73.600169
15 0 4 1 12 2 1 45.481291 -73.600330
22 0 7 3 17 5 0 45.486241 -73.595728
31 0 13 1 19 1 1 45.520342 -73.487920
19 0 6 0 6 0 1 45.539666 -73.509039
23 0 11 1 5 0 1 45.496977 -73.495510
23 0 7 1 12 2 1 45.536385 -73.512472
23 0 6 0 6 1 1 45.526787 -73.491537
15 0 8 1 8 4 1 45.513787 -73.508744
19 0 9 3 17 1 1 45.531475 -73.592421
15 0 6 2 8 6 1 45.561324 -73.596294
19 0 4 0 5 0 1 45.550784 -73.534100
39 0 9 1 1 0 1 45.501057 -73.577226
23 0 4 0 12 2 1 45.568290 -73.542723
28 0 14 2 27 0 1 45.553982 -73.554964
23 0 9 2 12 3 1 45.561683 -73.585648
15 0 7 0 6 1 1 45.457623 -73.576358
23 0 7 0 2 1 1 45.450730 -73.572575
19 0 6 0 1 0 1 45.456085 -73.581937
21 0 10 1 0 0 1 45.459374 -73.572004
19 0 7 1 2 2 1 45.460936 -73.584934
14 0 4 1 5 3 1 45.557063 -73.659956
15 0 8 3 12 2 1 45.531524 -73.617012
15 0 5 0 4 0 1 45.437915 -73.582536
15 0 4 1 9 3 1 45.567766 -73.579688
20 0 13 3 16 3 1 45.420706 -73.629661
23 0 7 0 6 0 1 45.444351 -73.575430
19 0 7 2 12 5 1 45.563872 -73.655568
23 0 15 2 3 2 1 45.494687 -73.638719
15 0 7 2 12 1 1 45.466598 -73.623346
19 0 9 1 11 0 1 45.460729 -73.634073
19 0 6 0 2 0 1 45.560020 -73.534935
19 0 5 1 5 0 1 45.576981 -73.547080
23 0 9 2 4 1 1 45.576652 -73.540699
15 0 5 1 11 0 1 45.564856 -73.577493
35 0 8 0 9 0 1 45.471704 -73.582689
23 0 9 0 9 0 1 45.451333 -73.592509
15 0 8 2 1 0 1 45.561570 -73.653382
39 0 10 0 4 0 1 45.484966 -73.560323
21 0 7 3 17 4 0 45.526870 -73.626762
27 0 7 0 2 0 1 45.516298 -73.558010
19 0 6 2 10 3 1 45.567201 -73.585136
23 0 8 2 7 0 1 45.558543 -73.638206
27 0 10 1 2 1 1 45.477817 -73.558842
19 0 5 2 4 0 1 45.565418 -73.572311
18 0 4 1 12 6 0 45.542182 -73.622687
16 0 6 1 2 2 0 45.556751 -73.667162
21 0 10 2 9 2 0 45.551962 -73.630317
11 0 4 1 7 1 0 45.558740 -73.605890
27 0 12 1 4 3 0 45.502350 -73.566583
15 0 7 1 4 1 0 45.580315 -73.535314
27 0 5 0 4 0 0 45.486319 -73.570233
19 0 12 1 16 3 0 45.493065 -73.583827
23 0 10 1 18 2 0 45.494168 -73.582574
23 0 9 1 9 3 0 45.462998 -73.590119
15 0 5 2 11 2 0 45.527941 -73.623886
13 0 6 2 6 4 0 45.523575 -73.623443
19 0 8 2 6 1 0 45.531188 -73.616078
27 0 4 0 2 0 0 45.490996 -73.559443
39 0 10 1 9 0 0 45.503254 -73.570023
18 0 9 1 10 0 0 45.530207 -73.582071
23 0 11 3 4 0 0 45.574147 -73.574621
19 0 6 0 2 0 0 45.457608 -73.590510
11 0 5 2 3 3 0 45.529997 -73.632871
19 0 6 1 4 1 0 45.544079 -73.667357
31 0 16 3 15 4 0 45.494975 -73.577770
23 0 8 2 4 2 0 45.553585 -73.638386
15 0 7 1 8 2 0 45.567352 -73.653787
19 0 9 2 5 0 0 45.547582 -73.665229
26 0 10 4 9 2 0 45.512933 -73.633890
24 0 10 3 17 6 0 45.547582 -73.612209
23 0 4 0 0 0 0 45.520567 -73.556096
28 0 9 2 23 5 0 45.481844 -73.630397
23 0 4 0 3 0 0 45.518885 -73.555938
19 0 5 0 4 0 0 45.514482 -73.556873
19 0 9 2 7 0 0 45.464900 -73.627001
28 0 12 5 18 9 0 45.503640 -73.618269
23 0 8 1 4 0 0 45.429471 -73.593099
19 0 6 2 11 1 0 45.582847 -73.542476
21 0 6 1 9 2 0 45.553159 -73.532633
23 0 6 0 1 0 0 45.545321 -73.537453
27 0 8 4 5 4 0 45.526994 -73.599159
19 0 5 1 9 0 0 45.543652 -73.553483
23 0 12 5 18 3 0 45.518996 -73.615925
15 0 6 4 8 2 0 45.522225 -73.606687
23 0 6 3 11 9 0 45.530143 -73.640040
21 0 15 2 21 0 0 45.527231 -73.586726
20 0 6 2 13 7 0 45.550114 -73.577222
19 0 6 2 6 5 0 45.527933 -73.601223
21 0 8 3 19 0 0 45.527041 -73.593471
31 0 14 2 23 8 0 45.536505 -73.568039
23 0 15 5 14 4 0 45.527792 -73.597608
19 0 7 2 9 5 0 45.538082 -73.583472
27 0 16 3 24 1 0 45.532804 -73.571902
19 0 8 1 16 0 0 45.522750 -73.577249
19 0 8 2 10 2 0 45.525703 -73.590256
23 0 6 1 6 3 0 45.508567 -73.577698
23 0 7 0 2 0 0 45.479487 -73.581503
27 0 6 0 7 1 0 45.489701 -73.566288
19 0 8 4 10 1 0 45.519869 -73.596938
19 0 8 1 2 0 0 45.547441 -73.672372
19 0 7 1 16 0 0 45.514677 -73.576598
23 0 7 1 9 2 0 45.543558 -73.567801
15 0 7 2 2 1 0 45.528400 -73.611923
23 0 11 2 15 1 0 45.470535 -73.631657
23 0 10 2 16 1 0 45.550349 -73.563370
23 0 10 2 5 1 0 45.564937 -73.555591
45 0 23 6 34 11 0 45.527154 -73.589439
19 0 11 2 5 0 0 45.502386 -73.573338
27 0 4 0 3 0 0 45.494200 -73.559985
23 0 6 1 9 4 0 45.446505 -73.602562
35 0 5 0 1 0 0 45.501863 -73.543961
15 0 2 0 4 0 0 45.489727 -73.564063
19 0 7 1 15 1 0 45.450020 -73.600306
19 0 5 0 2 1 0 45.482825 -73.562063
35 0 7 0 5 0 0 45.480976 -73.568635
27 0 8 1 4 3 0 45.467666 -73.593918
23 0 5 0 3 0 0 45.481069 -73.579352
21 0 7 1 17 4 0 45.448788 -73.577673
19 0 6 1 2 1 0 45.457304 -73.567233
23 0 12 0 2 1 0 45.460158 -73.566993
19 0 6 0 15 1 0 45.453820 -73.572384
15 0 4 0 0 0 0 45.461259 -73.571843
23 0 8 3 17 1 0 45.540432 -73.616507
21 0 4 0 3 0 0 45.497165 -73.559330
20 0 7 2 15 5 0 45.541955 -73.629942
23 0 6 0 2 0 0 45.493527 -73.568517
28 0 8 4 18 10 0 45.543651 -73.605651
43 0 9 0 1 0 0 45.507078 -73.561395
31 0 9 0 2 0 0 45.506251 -73.571391
23 0 4 0 4 0 0 45.487483 -73.565051
61 0 12 0 3 0 0 45.506371 -73.564201
27 0 8 0 10 2 0 45.479930 -73.555921
27 0 10 5 18 9 0 45.501164 -73.620564
27 0 15 1 22 3 0 45.523035 -73.565395
23 0 10 1 2 0 0 45.497204 -73.577765
19 0 9 0 6 0 0 45.517101 -73.559760
23 0 6 2 10 3 0 45.576278 -73.583540
23 0 8 5 6 3 0 45.538592 -73.627780
31 0 8 0 6 0 0 45.526500 -73.545753
19 0 8 1 18 0 0 45.491687 -73.576823
27 0 8 0 0 0 0 45.500199 -73.560018
31 0 11 1 4 0 0 45.505102 -73.571879
23 0 6 0 3 0 0 45.516132 -73.560497
23 0 5 1 3 0 0 45.549598 -73.541874
23 0 9 3 8 8 0 45.520222 -73.629856
23 0 10 5 9 5 0 45.515888 -73.642312
33 0 10 1 4 0 0 45.482958 -73.579758
54 0 18 3 0 0 0 45.502776 -73.575894
23 0 8 4 15 4 0 45.519691 -73.598266
31 0 9 1 2 0 0 45.499162 -73.569320
27 0 8 1 7 1 0 45.507644 -73.569324
15 0 7 2 4 1 0 45.641415 -73.499957
15 0 8 2 8 3 0 45.651406 -73.500413
15 0 5 1 6 3 0 45.649546 -73.491915
15 0 7 2 9 2 0 45.570625 -73.651786
21 0 9 3 16 4 0 45.575431 -73.647419
19 0 10 1 13 3 0 45.515672 -73.577443
27 0 9 1 5 0 0 45.501770 -73.574275
19 0 7 1 13 0 0 45.534718 -73.692732
15 0 6 1 1 1 0 45.539927 -73.653886
30 0 11 3 12 8 0 45.538308 -73.654884
19 0 5 1 11 1 0 45.597221 -73.562790
21 0 5 1 3 1 0 45.476511 -73.606473
47 0 13 1 5 0 0 45.504027 -73.569702
19 0 13 7 2 1 0 45.494044 -73.654495
19 0 5 1 10 4 0 45.500252 -73.661711
11 0 6 3 4 3 0 45.514081 -73.646950
27 0 8 1 8 0 0 45.431519 -73.671104
19 0 4 0 5 0 0 45.434987 -73.670799
23 0 13 1 18 0 0 45.432840 -73.693492
15 0 7 1 3 0 0 45.435794 -73.680190
19 0 10 1 9 1 0 45.433521 -73.683543
19 0 9 2 9 1 0 45.422451 -73.601194
15 0 6 0 6 0 0 45.429167 -73.662810
19 0 9 0 12 0 0 45.417737 -73.623385
19 0 10 2 9 6 0 45.416295 -73.612901
19 0 6 1 6 3 0 45.433929 -73.630025
23 0 10 4 4 2 0 45.526218 -73.595766
27 0 3 0 2 0 0 45.492761 -73.556411
19 0 4 1 11 8 0 45.589175 -73.539656
23 0 7 2 2 1 0 45.596856 -73.535264
15 0 4 1 4 1 0 45.591455 -73.562755
15 0 5 0 2 2 0 45.601913 -73.524418
19 0 6 2 4 1 0 45.609626 -73.522739
31 0 7 0 4 0 0 45.559031 -73.548304
19 0 11 2 11 1 0 45.595875 -73.523528
31 0 7 4 3 3 0 45.508025 -73.579885
19 0 7 1 6 3 0 45.590917 -73.640675
23 0 11 4 18 3 0 45.516783 -73.611423
23 0 7 2 11 3 0 45.568330 -73.566663
19 0 9 3 7 2 0 45.571790 -73.564315
16 0 7 2 11 5 0 45.527650 -73.612300
23 0 8 1 6 1 0 45.519539 -73.685163
19 0 7 1 13 0 0 45.534394 -73.578237
17 0 4 1 6 1 0 45.508439 -73.672965
23 0 11 4 6 4 0 45.519700 -73.666248
15 0 4 2 4 1 0 45.480467 -73.611223
28 0 18 5 20 7 0 45.498320 -73.619356
19 0 8 1 13 3 0 45.488198 -73.588071
23 0 6 0 9 2 0 45.522525 -73.691440
15 0 5 1 7 0 0 45.537829 -73.574809
18 0 6 2 5 2 0 45.579349 -73.581681
15 0 4 1 5 4 0 45.595738 -73.595299
15 0 3 1 5 1 0 45.506489 -73.660479
19 0 3 0 1 0 0 45.514832 -73.563493
19 0 4 0 5 2 0 45.478889 -73.581989
14 0 9 1 12 1 0 45.456823 -73.546804
27 0 11 2 16 5 0 45.446934 -73.572199
27 0 11 0 4 2 0 45.464826 -73.567125
23 0 8 1 15 6 0 45.453319 -73.576775
23 0 5 0 7 0 0 45.490664 -73.570807
23 0 8 3 6 3 0 45.535526 -73.619811
19 0 8 3 12 5 0 45.565820 -73.599826
19 0 4 0 4 0 0 45.547332 -73.538589
15 0 6 1 6 5 0 45.481840 -73.595379
19 0 4 2 6 4 0 45.534987 -73.761118
19 0 8 1 12 1 0 45.570727 -73.737086
27 0 13 1 11 1 0 45.562066 -73.691863
27 0 11 2 8 1 0 45.568440 -73.675202
23 0 8 1 4 1 0 45.559377 -73.698510
31 0 9 1 22 1 0 45.554171 -73.709319
19 0 7 3 12 5 0 45.506192 -73.642308
21 1 9 3 11 6 0 45.529668 -73.601669
11 1 2 0 8 2 0 45.617500 -73.606011
13 1 5 3 6 2 0 45.531944 -73.713605
21 0 8 4 13 7 0 45.516948 -73.626316
15 0 7 1 5 4 0 45.490494 -73.638522
23 0 8 0 4 0 0 45.476899 -73.586568
27 0 6 2 1 0 0 45.541000 -73.558263
19 0 6 3 8 2 0 45.526765 -73.730423
19 0 10 0 7 0 0 45.578332 -73.655954
19 0 9 1 15 0 0 45.549847 -73.647674
19 0 9 2 10 0 0 45.468880 -73.609439
23 0 13 4 3 0 0 45.471882 -73.640022
15 0 9 1 8 4 0 45.604441 -73.516118
15 0 3 1 6 3 0 45.605902 -73.534369
15 0 10 1 10 0 0 45.482741 -73.634708
15 0 8 1 7 1 0 45.439145 -73.591737
19 0 7 0 5 1 0 45.472384 -73.570000
15 0 7 1 6 0 0 45.569397 -73.633721
19 0 7 1 10 1 0 45.447916 -73.583819
19 0 10 3 6 1 0 45.459776 -73.644781
15 0 5 1 8 1 0 45.545887 -73.626737
15 0 6 1 3 3 0 45.568162 -73.645882
15 0 7 1 10 2 0 45.522341 -73.721679
25 1 6 1 13 6 0 45.512994 -73.682498
15 1 5 2 4 3 0 45.533417 -73.648884
29 1 10 1 8 0 0 45.436055 -73.605775
19 1 3 0 5 0 0 45.425060 -73.649599
23 0 8 0 7 0 0 45.429692 -73.669488
15 0 3 1 7 3 0 45.439938 -73.681462
31 0 8 2 15 0 0 45.531215 -73.747353
15 0 8 1 5 3 0 45.571759 -73.541762
23 0 9 1 2 0 0 45.459274 -73.596272
15 0 7 0 6 2 0 45.452908 -73.589186
23 0 6 2 7 1 0 45.583962 -73.720826
15 0 5 1 5 0 0 45.598880 -73.636580
19 0 4 0 4 0 0 45.522059 -73.559217
15 0 6 1 7 2 0 45.440016 -73.700200
19 0 4 1 13 6 0 45.588303 -73.577837
15 0 5 1 13 0 0 45.438544 -73.620216
19 0 4 0 2 0 0 45.482097 -73.574878
15 0 6 4 8 5 0 45.530298 -73.601398
19 0 11 5 8 0 0 45.515775 -73.600609
19 0 7 2 14 2 0 45.491172 -73.629968
16 0 5 1 12 4 0 45.614454 -73.612141
19 0 6 1 7 1 0 45.567038 -73.594269
27 0 9 3 16 0 0 45.543344 -73.725305
15 1 5 0 3 1 0 45.516926 -73.564257
23 0 10 2 6 0 0 45.593422 -73.669022
39 0 24 8 17 5 0 45.524976 -73.585589
19 0 7 4 4 1 0 45.602486 -73.543290
15 0 9 1 10 0 0 45.429711 -73.633883
19 0 6 4 10 2 0 45.442553 -73.717701
27 0 9 0 7 0 0 45.475193 -73.580943
19 0 4 0 9 1 0 45.477301 -73.573145
23 0 10 0 14 1 0 45.607909 -73.665080
23 0 15 1 22 0 0 45.532075 -73.567700
23 0 10 2 19 0 0 45.546534 -73.598663
27 0 14 4 19 8 0 45.535332 -73.603467
18 1 10 3 13 5 0 45.539461 -73.576056
15 0 5 0 2 0 0 45.530317 -73.554867
15 1 6 1 10 2 0 45.445272 -73.624484
15 0 6 2 6 2 0 45.554907 -73.601146
37 1 19 9 11 3 0 45.503982 -73.622839
19 0 5 2 5 1 0 45.527998 -73.619200
15 0 7 2 7 0 0 45.585388 -73.634711
35 0 16 1 15 0 0 45.575048 -73.687996
19 1 9 3 11 4 0 45.506176 -73.711186
15 0 7 2 4 1 0 45.550820 -73.620887
15 1 4 1 3 1 0 45.514734 -73.691449
19 1 6 2 6 3 0 45.606235 -73.628784
19 1 7 4 10 6 0 45.549022 -73.591982
19 1 8 1 2 1 0 45.525914 -73.689111
15 1 7 2 6 3 0 45.520056 -73.677951
15 1 4 1 10 1 0 45.561690 -73.610512
19 1 7 2 12 4 0 45.586400 -73.595218
15 1 6 2 6 3 0 45.581354 -73.572610
19 1 4 1 5 2 0 45.590490 -73.590269
21 1 10 1 18 2 0 45.593985 -73.637672
15 1 5 2 9 0 0 45.579406 -73.602589
19 1 7 1 6 3 0 45.438056 -73.672739
19 1 11 2 4 1 0 45.436568 -73.708370
19 1 10 2 16 1 0 45.544346 -73.576977
11 1 3 1 5 2 0 45.602728 -73.557930
19 1 6 3 7 5 0 45.610927 -73.546734
19 1 4 1 6 0 0 45.502989 -73.689113
19 1 10 0 7 0 0 45.516903 -73.527246
19 1 8 2 5 0 0 45.517583 -73.726614
19 1 8 2 14 5 0 45.513178 -73.713061
15 1 6 1 12 1 0 45.439824 -73.694878
17 1 8 2 11 6 0 45.438367 -73.715467
15 1 8 1 4 3 0 45.446061 -73.650799
23 1 5 1 8 2 0 45.558143 -73.719420
19 1 6 0 1 1 0 45.560074 -73.681253
15 1 4 2 4 1 0 45.598335 -73.545967
29 1 15 6 14 5 0 45.535190 -73.615482
15 1 8 1 9 3 0 45.432895 -73.596857
15 0 4 1 5 0 0 45.560490 -73.709185
15 1 5 1 6 4 0 45.553400 -73.662255
25 1 7 1 15 0 0 45.559705 -73.551554
19 1 7 1 14 2 0 45.595666 -73.559663
21 1 6 2 6 3 0 45.533307 -73.620822
31 1 12 1 15 2 0 45.568420 -73.746873
15 1 6 2 10 3 0 45.417746 -73.645188
15 1 7 2 10 1 0 45.515970 -73.608275
28 1 15 3 22 6 0 45.497723 -73.619253
25 1 7 0 15 2 0 45.554825 -73.553703
23 0 11 0 11 1 0 45.561570 -73.754480
19 0 5 2 11 3 0 45.553018 -73.758227
15 1 5 2 11 3 0 45.572378 -73.593705
18 1 5 2 4 3 0 45.583988 -73.608093
15 1 4 2 8 4 0 45.586476 -73.570397
23 0 9 2 3 1 0 45.545026 -73.737877
15 1 7 2 3 1 0 45.599535 -73.623603
17 1 9 1 10 1 0 45.608358 -73.638506
15 1 5 2 6 5 0 45.587714 -73.631718
19 1 9 1 5 2 0 45.515868 -73.560084
15 1 6 1 6 2 0 45.514012 -73.565987
21 1 12 6 18 3 0 45.539307 -73.595219
15 1 5 0 2 1 0 45.583198 -73.629787
19 1 5 1 10 1 0 45.586610 -73.529692
21 1 10 1 4 1 0 45.592540 -73.648748
18 1 6 1 11 5 0 45.559697 -73.601460
27 1 6 0 7 3 0 45.506824 -73.681848
23 1 6 1 13 1 0 45.566883 -73.539438
17 1 7 3 10 7 0 45.523740 -73.671699
18 1 7 2 7 0 0 45.512843 -73.676124
19 1 7 1 5 2 0 45.528144 -73.692545
24 1 10 1 0 0 0 45.510748 -73.565121
18 1 7 3 5 4 0 45.554637 -73.612552
15 1 6 0 0 0 0 45.516014 -73.562920
15 1 6 2 9 1 0 45.581160 -73.641243
15 1 9 5 8 5 0 45.557568 -73.579191
29 1 12 2 13 1 0 45.512168 -73.554816
26 1 11 4 16 8 0 45.557750 -73.583801
15 1 9 0 12 2 0 45.639123 -73.596112
23 0 6 3 8 0 0 45.580592 -73.688760
27 0 8 1 6 0 0 45.562512 -73.743706
23 0 8 1 8 1 0 45.557296 -73.747954
19 0 9 1 10 0 0 45.578897 -73.704927
19 0 11 2 9 3 0 45.565007 -73.731905
27 0 13 0 6 1 0 45.571204 -73.723519
19 1 7 1 10 0 0 45.543654 -73.559421
15 1 4 1 8 1 0 45.523550 -73.713886
11 1 3 0 2 0 0 45.547050 -73.548922
37 1 18 5 22 4 0 45.496241 -73.629839
19 1 10 1 13 3 0 45.631313 -73.616315
28 1 5 2 21 7 0 45.572517 -73.443121
15 1 7 2 4 2 0 45.514318 -73.707998
27 1 14 1 12 2 0 45.592753 -73.510356
19 1 9 3 15 2 0 45.500941 -73.625637
19 1 5 0 4 1 0 45.601164 -73.449994
21 1 6 0 11 0 0 45.606718 -73.456920
15 1 4 0 3 0 0 45.518719 -73.698754
11 1 6 0 7 1 0 45.631472 -73.508195
15 1 2 0 1 1 0 45.447821 -73.710918
19 1 8 0 10 2 0 45.630686 -73.494847
19 1 9 1 12 0 0 45.613163 -73.509894
15 1 6 1 3 1 0 45.628462 -73.499522
15 0 6 0 1 0 0 45.564676 -73.479578
15 0 5 0 4 1 0 45.551219 -73.483912
11 0 4 0 5 0 0 45.581863 -73.455250
15 0 10 3 8 3 0 45.547064 -73.451962
33 1 11 2 5 0 0 45.502183 -73.568254
15 1 5 0 2 0 0 45.448903 -73.604905
15 0 8 0 11 1 0 45.613330 -73.451540
19 0 8 0 8 1 0 45.591480 -73.436058
19 0 4 1 15 3 0 45.569238 -73.449499
19 0 6 2 14 5 0 45.536532 -73.457669
23 0 12 1 12 3 0 45.533748 -73.485996
19 0 6 0 3 0 0 45.533611 -73.473746
19 1 9 4 10 5 0 45.702349 -73.639578
19 1 10 4 9 4 0 45.692233 -73.637031
21 1 9 5 10 5 0 45.697815 -73.654065
19 1 5 2 4 4 0 45.425613 -73.657136
29 1 14 3 23 5 0 45.541603 -73.564961
17 1 4 1 4 4 0 45.448434 -73.612945
41 1 17 2 1 1 0 45.507885 -73.563151
19 1 5 0 1 0 0 45.478546 -73.565723
15 1 5 0 0 0 0 45.500731 -73.473957
23 1 9 1 3 0 0 45.516545 -73.506635
15 1 9 3 5 0 0 45.507182 -73.494845
19 1 10 0 9 1 0 45.533556 -73.515368
35 1 17 1 3 2 0 45.523331 -73.520137
21 1 7 1 13 3 0 45.539884 -73.504639
19 0 9 2 7 0 0 45.511127 -73.486088
23 0 7 0 9 0 0 45.530050 -73.549508
27 0 5 0 3 2 0 45.532255 -73.558920
15 0 5 1 4 0 0 45.536732 -73.560796
14 0 4 0 9 1 0 45.535249 -73.506819
19 0 6 0 14 0 0 45.520223 -73.496763
19 0 8 1 10 1 0 45.526883 -73.483393
27 0 11 1 10 2 0 45.525045 -73.519520
27 0 13 6 18 0 0 45.516991 -73.598455
35 0 9 0 8 0 0 45.524378 -73.560549
23 0 7 1 12 4 0 45.532498 -73.499424
32 0 11 4 23 9 0 45.520581 -73.585761
31 0 6 0 6 1 0 45.478012 -73.574273
19 0 7 0 9 1 0 45.537246 -73.494982
24 0 11 1 22 1 0 45.530756 -73.576176
19 1 5 2 7 4 0 45.550990 -73.632166
15 0 6 1 5 0 0 45.546862 -73.642385
23 0 11 0 17 0 0 45.515652 -73.575774
23 0 12 1 20 0 0 45.534512 -73.572838
35 0 22 1 32 1 0 45.494457 -73.574116
23 0 9 1 22 1 0 45.534554 -73.582514
31 0 4 0 6 0 0 45.493709 -73.559779
19 1 5 1 2 0 0 45.513700 -73.665077
21 1 7 1 5 0 0 45.528931 -73.513260
21 1 9 1 18 3 0 45.524680 -73.510467
20 0 7 3 13 7 0 45.522612 -73.593680
21 0 8 1 11 0 0 45.540860 -73.491242
21 1 9 3 9 7 0 45.492118 -73.486724
21 1 6 1 5 2 0 45.497292 -73.483750
23 0 9 1 4 1 0 45.503015 -73.575130
19 0 6 0 6 1 0 45.502959 -73.563742
19 0 6 0 6 1 0 45.523593 -73.561098
23 0 6 0 5 1 0 45.519599 -73.560201
29 0 10 4 19 10 0 45.510273 -73.611410
19 0 6 0 6 1 0 45.523601 -73.551257
23 0 5 0 3 0 0 45.517056 -73.557701
23 0 5 0 3 1 0 45.494390 -73.563911
19 1 4 0 3 0 0 45.488708 -73.558993
19 0 4 1 0 0 0 45.505974 -73.554299
11 0 3 0 2 0 0 45.535303 -73.551137
25 1 10 3 8 1 0 45.536907 -73.674781
21 1 9 2 10 4 0 45.533377 -73.642284
15 1 8 7 7 5 0 45.592603 -73.337547
15 1 5 5 6 6 0 45.579782 -73.344589
18 1 8 5 9 9 0 45.572319 -73.327895
19 1 10 6 11 8 0 45.587907 -73.347718
17 1 4 3 3 2 0 45.582312 -73.324334
35 1 12 5 18 17 0 45.507379 -73.614860
15 1 9 1 6 0 0 45.531805 -73.597555
17 0 7 0 14 2 0 45.489154 -73.580888
23 0 10 3 14 6 0 45.551736 -73.603383
55 0 17 2 5 2 0 45.562288 -73.546226
15 0 5 0 2 2 0 45.456707 -73.597648
19 0 10 1 3 1 0 45.454750 -73.640435
27 0 13 5 17 0 0 45.505841 -73.629317
19 0 4 0 4 2 0 45.473023 -73.585037
28 1 18 1 24 0 0 45.527783 -73.571674
19 0 7 0 10 0 0 45.479137 -73.575150
24 0 10 5 20 3 0 45.549778 -73.591321
23 0 10 1 15 2 0 45.521617 -73.570373
23 0 8 2 13 9 0 45.569996 -73.573075
35 0 10 2 5 0 0 45.559826 -73.615384
23 0 10 1 5 0 0 45.503048 -73.560590
23 0 9 3 14 3 0 45.547167 -73.618444
23 0 8 2 6 0 0 45.559918 -73.633529
31 0 24 10 29 0 0 45.510067 -73.570722
21 1 3 0 3 0 0 45.547018 -73.543126
19 0 5 0 1 0 0 45.486366 -73.573524
27 0 17 5 18 5 0 45.538595 -73.588657
19 0 9 4 13 3 0 45.540889 -73.584191
23 0 5 0 4 2 0 45.513294 -73.550578
23 0 9 3 14 9 0 45.509965 -73.653009
27 0 4 0 2 0 0 45.492723 -73.556272
13 1 5 2 9 1 0 45.495506 -73.605771
23 1 9 2 7 4 0 45.551189 -73.640602
17 1 6 2 3 3 0 45.551444 -73.554696
21 1 7 0 2 0 0 45.497704 -73.555344
21 1 7 0 7 0 0 45.474009 -73.591785
19 0 7 1 6 0 0 45.556888 -73.689500
23 0 6 1 3 0 0 45.554772 -73.734207
23 0 11 2 8 2 0 45.542078 -73.745714
31 1 13 1 5 0 0 45.541314 -73.553743
15 0 4 1 4 1 0 45.568224 -73.685906
23 0 7 1 12 2 0 45.565597 -73.697491
19 0 6 2 3 0 0 45.538178 -73.737849
19 0 4 2 10 1 0 45.585086 -73.673410
15 0 8 1 8 1 0 45.549421 -73.701147
19 0 6 1 7 4 0 45.589252 -73.682674
23 0 8 2 5 1 0 45.579472 -73.714778
15 0 6 2 10 5 0 45.543069 -73.628488
21 1 4 0 1 0 0 45.442375 -73.618020
27 0 6 1 8 0 0 45.563422 -73.718047
23 0 5 1 9 1 0 45.578227 -73.675314
23 0 9 3 6 5 0 45.601945 -73.664698
23 0 5 0 10 2 0 45.576827 -73.694462
21 0 6 1 9 3 0 45.525914 -73.773244
21 0 3 0 4 1 0 45.601879 -73.655721
23 0 7 2 13 4 0 45.560429 -73.726593
26 0 9 0 10 4 0 45.554435 -73.721863
23 0 6 1 10 3 0 45.582255 -73.713333
23 0 4 1 7 0 0 45.569361 -73.710764
23 0 11 3 7 1 0 45.558273 -73.764681
19 0 10 4 7 3 0 45.612563 -73.789099
21 0 2 0 9 0 0 45.603939 -73.742490
23 0 9 2 9 4 0 45.539804 -73.776157
31 0 4 0 4 0 0 45.533355 -73.780948
27 0 3 0 13 1 0 45.597840 -73.751151
22 0 9 4 14 8 0 45.601841 -73.781616
23 0 3 0 10 3 0 45.606031 -73.723570
23 0 4 2 3 0 0 45.612666 -73.745875
23 0 7 3 10 3 0 45.620819 -73.752893
30 0 11 5 8 2 0 45.600268 -73.732150
31 0 5 3 9 5 0 45.629751 -73.754265
21 0 3 1 1 0 0 45.525664 -73.803376
20 0 2 1 4 1 0 45.625645 -73.765387
15 0 5 0 5 1 0 45.617272 -73.732698
21 0 12 1 13 0 0 45.524445 -73.862294
15 0 3 1 3 1 0 45.517937 -73.794080
27 0 6 0 5 0 0 45.523114 -73.817167
23 0 3 0 2 1 0 45.527419 -73.834043
19 0 6 1 7 0 0 45.550313 -73.744306
19 0 6 0 10 1 0 45.521394 -73.838043
31 0 5 2 9 0 0 45.595149 -73.727757
21 0 6 0 8 1 0 45.545050 -73.721086
23 0 14 6 9 6 0 45.597170 -73.778666
15 0 8 3 7 3 0 45.591144 -73.772037
23 0 11 2 8 1 0 45.622852 -73.781451
19 0 8 0 9 1 0 45.524157 -73.850428
19 0 6 0 5 0 0 45.529797 -73.814738
19 0 9 2 10 5 0 45.595549 -73.761281
15 0 6 0 5 0 0 45.532948 -73.462434
19 0 7 1 6 3 0 45.522193 -73.465053
15 0 8 2 11 1 0 45.514086 -73.462865
19 0 8 0 7 0 0 45.536965 -73.469837
15 0 10 1 6 0 0 45.493470 -73.464277
19 0 6 1 7 2 0 45.519979 -73.456676
19 0 7 1 9 2 0 45.527632 -73.470854
19 0 7 1 8 4 0 45.509086 -73.471975
15 0 6 2 10 2 0 45.524502 -73.443204
19 0 5 1 5 1 0 45.513025 -73.443235
15 0 4 1 1 0 0 45.496322 -73.467830
19 0 5 2 10 6 0 45.491971 -73.471832
15 0 4 2 4 3 0 45.533391 -73.455052
21 0 6 1 9 4 0 45.508479 -73.430931
19 0 8 2 7 3 0 45.526998 -73.505208
21 0 6 1 9 3 0 45.522383 -73.501788
21 0 8 0 14 0 0 45.542968 -73.473198
21 0 9 1 8 0 0 45.515389 -73.480053
21 0 5 2 13 3 0 45.512842 -73.431562
15 0 5 2 6 3 0 45.519155 -73.471807
15 0 7 2 12 1 0 45.482371 -73.475148
19 0 8 2 8 4 0 45.515489 -73.491315
19 1 7 0 0 0 0 45.493557 -73.553360
57 0 10 0 3 0 0 45.498634 -73.552751
19 1 3 1 4 3 0 45.497365 -73.700855
38 0 15 5 27 11 0 45.539528 -73.594971
37 1 0 0 0 0 0 45.510349 -73.556686
17 1 0 0 0 0 0 45.508825 -73.555984
5 0 0 0 0 0 0 45.510717 -73.550071
