2235 482 70036 20554 6318 1142 431 -2609 8549 6343
0 40.656864 -74.008128
24 0 0 0 0 0 1 40.823194 -73.887629
57 0 3 2 0 0 1 40.696233 -73.991421
22 0 1 8 4 0 1 40.876560 -73.883660
21 0 16 0 15 0 1 40.662190 -73.942930
45 0 4 1 1 0 1 40.752762 -73.992805
19 0 1 1 1 0 1 40.853045 -73.918306
23 0 0 2 2 0 1 40.856987 -73.898237
23 1 6 7 7 0 0 40.777455 -73.922540
24 0 17 1 17 0 1 40.662880 -73.940190
28 0 19 1 18 0 1 40.677274 -73.982820
22 0 2 1 2 0 1 40.829114 -73.950426
27 0 1 1 0 3 1 40.823940 -73.894025
22 0 12 4 13 4 1 40.740800 -73.849780
19 0 3 1 2 0 0 40.839142 -73.925961
20 0 12 2 17 0 1 40.733960 -73.952040
20 0 14 0 14 0 1 40.838379 -73.905838
67 0 5 18 0 0 1 40.777057 -73.978985
19 0 7 0 7 1 1 40.830179 -73.928747
19 0 15 0 14 0 1 40.843079 -73.900216
57 0 24 1 47 0 1 40.702551 -73.989402
49 0 26 6 24 0 1 40.720747 -73.986274
20 0 13 2 15 0 1 40.645210 -73.970730
23 0 0 5 1 7 1 40.827075 -73.945909
36 0 13 4 11 0 1 40.712199 -73.979481
117 1 7 16 1 0 0 40.770513 -73.988038
17 0 6 2 0 0 1 40.706360 -73.919450
21 0 15 1 16 1 1 40.654960 -73.937650
24 0 1 3 0 3 1 40.839137 -73.941409
32 0 6 5 3 10 1 40.759058 -73.918975
19 1 14 1 11 3 0 40.740870 -73.867720
51 0 5 9 0 0 1 40.775794 -73.976206
21 0 3 2 0 0 0 40.744310 -73.926010
27 0 1 5 0 2 1 40.836180 -73.939789
75 1 11 4 0 0 0 40.738046 -73.996430
20 0 6 2 15 0 1 40.818185 -73.894143
47 0 9 8 10 0 1 40.775369 -73.948034
23 0 7 1 5 0 1 40.762814 -73.934286
19 1 4 2 2 1 0 40.678530 -73.916420
27 0 21 0 16 0 0 40.824410 -73.928180
27 0 2 2 0 0 1 40.735640 -73.958660
21 1 0 1 0 0 0 40.851788 -73.916418
57 0 13 5 13 2 1 40.735238 -74.000271
26 1 8 0 9 2 0 40.744800 -73.893770
75 0 12 12 3 0 1 40.787209 -73.981281
18 1 2 1 1 1 0 40.749372 -73.897388
19 0 4 3 6 4 1 40.758057 -73.909831
23 0 4 4 2 1 1 40.690081 -73.947915
39 0 1 5 2 0 0 40.797372 -73.970412
20 0 3 2 1 1 1 40.676700 -73.930510
23 0 16 1 13 0 1 40.772092 -73.895166
19 1 11 2 5 9 0 40.738663 -73.940938
27 0 8 8 8 16 1 40.719009 -73.958525
23 0 9 4 4 15 1 40.857994 -73.932173
45 0 23 3 31 0 1 40.718822 -73.995960
23 0 10 2 10 1 1 40.807560 -73.939182
19 0 4 4 0 4 1 40.762507 -73.902534
45 0 23 6 17 0 1 40.714275 -73.989900
48 0 6 2 3 0 1 40.764719 -73.962221
19 0 2 2 1 0 1 40.833246 -73.896599
30 0 14 3 11 0 1 40.802950 -73.942954
51 1 14 13 0 0 0 40.725570 -73.944340
21 0 16 1 16 0 1 40.874490 -73.904670
27 0 0 4 2 2 1 40.827134 -73.922736
47 0 15 1 1 1 0 40.693534 -73.981909
38 1 8 12 10 0 0 40.782323 -73.959875
28 0 4 4 3 2 1 40.642408 -74.013318
22 0 1 2 0 0 1 40.747730 -73.866490
20 1 3 1 3 0 0 40.744460 -73.897640
49 0 18 10 24 23 1 40.703652 -74.011678
41 0 10 2 3 0 1 40.725806 -73.974225
20 1 14 1 13 1 0 40.720980 -73.907010
65 0 6 5 7 0 1 40.761712 -73.986551
19 0 5 3 8 0 1 40.694254 -73.946269
29 0 1 5 0 8 1 40.808625 -73.959621
22 0 0 2 0 1 1 40.829608 -73.921461
75 0 15 10 2 3 1 40.684157 -73.969223
21 1 16 1 13 1 0 40.642350 -73.969510
19 0 4 2 8 2 1 40.738249 -73.927375
73 0 38 6 52 11 1 40.782454 -73.948920
61 0 23 7 26 0 1 40.718502 -73.983299
51 0 4 4 1 0 1 40.743954 -73.991449
21 0 10 1 4 2 1 40.847798 -73.901883
21 1 16 0 17 1 0 40.839990 -73.905490
79 0 12 20 25 17 1 40.740964 -73.986022
18 0 1 3 2 2 1 40.821880 -73.907521
19 0 6 3 11 0 1 40.835450 -73.901530
21 0 13 1 11 0 1 40.858590 -73.888210
30 0 20 3 19 0 1 40.648481 -73.970580
19 0 3 2 5 0 1 40.770148 -73.912094
55 0 6 4 14 3 1 40.755136 -73.986580
18 0 6 4 9 2 1 40.716981 -73.944859
24 0 9 0 11 0 1 40.821111 -73.935971
19 0 0 2 3 1 1 40.707930 -73.910920
23 1 7 2 15 0 0 40.847396 -73.931205
23 0 7 4 7 0 1 40.663180 -73.950760
35 0 26 0 28 0 1 40.684355 -73.989016
20 0 14 0 8 0 1 40.758860 -73.890810
17 0 1 4 3 9 1 40.709980 -73.911160
19 1 7 3 10 0 0 40.743990 -73.867810
19 0 6 2 9 0 1 40.854720 -73.890220
23 0 12 5 14 3 1 40.776844 -73.934634
22 0 8 2 6 1 1 40.778557 -73.919046
33 0 17 1 23 0 1 40.685424 -73.991278
39 1 8 3 2 0 0 40.746202 -73.971822
39 0 7 2 0 0 1 40.756604 -73.997901
30 0 15 7 21 3 1 40.650740 -73.949860
21 1 13 2 12 5 0 40.827629 -73.886659
19 0 1 7 3 12 1 40.819890 -73.908351
27 0 0 2 0 0 0 40.837190 -73.946600
20 1 15 1 6 3 0 40.742140 -73.854180
62 0 6 14 11 14 1 40.758397 -73.982550
19 0 8 0 2 3 1 40.868846 -73.931537
25 0 16 2 21 3 1 40.793380 -73.943290
31 0 4 10 10 9 0 40.784903 -73.950503
21 0 9 4 10 8 1 40.644367 -73.984276
47 1 33 3 27 1 0 40.702969 -73.984691
94 0 10 15 14 21 1 40.752568 -73.996765
19 0 13 1 8 0 1 40.821075 -73.895069
103 0 13 37 29 31 1 40.760177 -73.984868
25 0 13 3 12 3 0 40.706732 -73.961241
35 0 6 3 3 0 1 40.810285 -73.957365
30 1 22 3 20 7 0 40.655716 -74.006664
24 0 1 3 0 0 1 40.828310 -73.942924
20 0 3 2 6 9 1 40.674230 -73.916560
39 0 22 4 29 5 1 40.718710 -74.009001
22 0 7 1 4 0 1 40.814490 -73.936153
17 0 8 2 7 6 1 40.803399 -73.919763
23 0 11 2 14 0 1 40.705774 -73.963252
21 1 16 2 17 1 0 40.653990 -73.929670
19 0 1 1 2 1 1 40.750850 -73.875090
18 0 2 4 4 3 1 40.691220 -73.916930
20 1 0 2 3 0 0 40.848177 -73.916082
30 0 1 1 1 0 1 40.838315 -73.912604
37 0 8 3 0 0 1 40.700379 -73.995481
42 0 3 10 17 0 1 40.670777 -73.957680
24 0 4 1 10 0 1 40.660260 -73.960450
20 0 2 1 1 2 1 40.836490 -73.918316
30 0 23 1 26 1 1 40.647440 -74.018846
24 0 5 2 0 3 1 40.874440 -73.891860
31 0 2 6 0 1 1 40.775655 -73.950686
33 0 7 5 5 2 1 40.805726 -73.936322
21 0 2 1 0 0 1 40.871420 -73.888390
32 0 10 4 0 1 0 40.689060 -73.905060
23 1 16 2 21 1 0 40.648710 -73.952180
99 0 16 13 11 6 1 40.738290 -73.990060
27 0 6 3 6 5 0 40.846490 -73.896160
25 0 14 3 10 10 1 40.851570 -73.884750
56 1 32 5 40 1 0 40.731150 -74.008870
24 0 6 4 0 0 1 40.691782 -73.973730
35 1 6 9 5 3 0 40.762110 -73.925230
51 1 3 5 9 6 0 40.763130 -73.965270
21 0 13 2 10 7 0 40.812636 -73.929250
19 0 3 2 3 0 1 40.680356 -73.947679
27 0 12 3 6 0 1 40.675162 -73.981483
33 1 8 4 1 11 0 40.774645 -73.923706
33 1 14 4 15 0 0 40.711471 -73.986726
23 0 9 1 18 0 1 40.674696 -73.997858
24 0 2 3 3 5 1 40.745570 -73.888200
33 0 17 4 23 0 1 40.809495 -73.947765
20 0 2 12 3 6 1 40.637033 -74.022141
23 0 18 1 18 3 1 40.651173 -74.011405
45 1 24 4 13 0 0 40.731724 -74.006744
25 0 2 3 1 0 1 40.672340 -73.947630
45 1 35 11 23 0 0 40.724537 -73.981854
27 0 9 2 3 0 1 40.663140 -73.960570
25 0 8 1 6 0 1 40.814673 -73.918390
15 0 1 3 3 0 0 40.704610 -73.910540
19 0 0 1 0 1 1 40.846465 -73.903869
21 1 4 2 2 0 0 40.746150 -73.877630
21 0 2 4 1 0 1 40.669390 -73.945140
21 0 10 3 8 2 1 40.797477 -73.931185
21 0 1 9 0 2 1 40.668663 -73.979881
19 0 0 3 2 0 1 40.834457 -73.928381
19 0 1 10 0 15 1 40.728970 -73.901150
24 1 4 5 5 1 0 40.669290 -73.936790
19 0 6 5 9 3 1 40.738920 -73.863670
21 1 2 1 4 2 0 40.684910 -73.914930
55 0 23 6 22 0 1 40.722992 -73.979955
27 0 8 3 5 0 0 40.694546 -73.958014
20 0 0 3 1 2 1 40.855331 -73.937878
66 0 4 1 2 0 1 40.746500 -73.997326
25 0 1 4 5 0 1 40.696760 -73.923020
20 0 2 4 0 1 1 40.666190 -73.931620
54 0 27 14 28 0 1 40.731735 -73.961239
19 0 11 1 10 0 1 40.842675 -73.908544
46 0 12 7 18 0 1 40.729806 -73.995464
21 0 7 3 7 2 1 40.827230 -73.917656
19 0 16 0 17 0 1 40.652512 -74.008906
31 0 1 3 5 0 1 40.823498 -73.943860
25 0 9 2 9 1 1 40.655630 -73.959680
43 0 16 5 3 1 1 40.703554 -74.006702
24 1 16 2 16 4 0 40.837119 -73.902185
19 0 7 3 10 3 1 40.713811 -73.935150
79 1 13 12 17 1 0 40.784145 -73.983625
29 1 4 4 11 8 0 40.691460 -73.921460
21 0 8 3 9 0 1 40.709897 -73.940080
85 1 7 8 13 9 0 40.763441 -73.982681
19 0 4 4 0 0 1 40.875120 -73.901260
21 0 5 3 6 0 1 40.668520 -73.922840
21 0 1 5 1 0 1 40.674700 -73.925120
19 0 4 1 8 0 1 40.811675 -73.917037
19 0 6 2 10 1 1 40.772600 -73.932663
26 1 7 3 2 4 0 40.753111 -73.927992
61 0 7 25 14 38 1 40.759923 -73.976485
31 0 1 7 0 2 0 40.668132 -73.973638
19 1 3 2 0 1 0 40.666439 -73.960556
35 0 13 6 16 6 1 40.771153 -73.917007
25 0 6 7 0 0 1 40.725770 -73.941730
23 0 5 7 4 13 1 40.700003 -73.928340
20 0 5 1 2 4 1 40.742610 -73.903000
27 0 13 4 20 4 1 40.653260 -73.961720
31 0 16 6 11 14 1 40.701889 -74.010899
19 0 13 1 14 2 1 40.820003 -73.959089
26 1 17 3 20 1 0 40.641730 -73.963640
23 0 8 5 14 4 1 40.649037 -73.976730
25 0 5 16 3 18 1 40.879950 -73.905360
27 0 1 1 0 0 1 40.821820 -73.953530
25 0 3 4 5 1 1 40.740821 -73.931472
24 0 2 6 0 0 1 40.792100 -73.973900
35 0 4 21 9 26 0 40.789485 -73.952429
25 0 11 2 15 3 1 40.663493 -73.991007
19 0 0 3 6 3 1 40.856906 -73.935662
18 0 13 1 13 0 1 40.765210 -73.864830
20 0 14 3 18 0 1 40.765890 -73.877890
27 0 9 6 23 0 1 40.730260 -73.953940
20 0 0 1 3 0 1 40.865710 -73.908570
19 1 11 3 5 10 0 40.731690 -73.901590
27 0 2 1 5 0 1 40.836733 -73.887931
30 1 0 5 1 1 0 40.818215 -73.950988
19 0 12 0 5 0 0 40.809619 -73.917875
22 0 0 1 0 0 1 40.835334 -73.915400
24 1 13 2 18 4 0 40.704876 -73.919911
21 0 7 2 2 7 1 40.856487 -73.932970
23 0 1 8 1 0 1 40.678600 -73.903690
19 0 3 1 3 0 1 40.746927 -73.920825
59 0 25 5 16 0 1 40.724677 -73.987834
27 1 7 3 2 0 0 40.689271 -73.957324
35 0 14 3 10 0 1 40.726930 -73.958630
57 0 7 29 18 34 1 40.755167 -74.000599
20 0 5 1 7 0 1 40.810140 -73.939730
19 0 2 2 3 0 1 40.835302 -73.895133
28 1 8 8 1 14 0 40.773015 -73.911190
30 0 13 2 8 0 1 40.672815 -73.983524
60 0 4 5 5 5 1 40.747659 -73.984907
19 1 8 4 13 3 0 40.675220 -73.906100
25 1 4 1 0 0 0 40.772797 -73.955778
20 0 2 4 5 2 1 40.672020 -73.925390
62 0 5 32 8 46 1 40.757246 -73.978059
21 1 14 3 18 2 0 40.726550 -73.903210
22 0 12 1 16 0 1 40.745350 -73.855800
60 0 15 6 5 0 1 40.734011 -74.002939
22 0 1 4 0 0 1 40.674280 -73.950300
21 1 9 7 11 4 0 40.640493 -74.025640
27 0 14 2 15 0 1 40.740910 -73.902730
21 0 11 4 10 10 0 40.778089 -73.899558
30 0 2 2 0 0 1 40.763605 -73.989180
24 0 1 3 0 0 1 40.845220 -73.940493
19 0 9 3 3 1 1 40.862058 -73.929719
22 0 1 15 4 14 1 40.638196 -74.013821
21 1 1 3 1 3 0 40.851113 -73.928808
23 1 2 5 0 0 0 40.676969 -73.965790
33 1 14 3 3 0 0 40.732264 -73.998522
23 0 4 6 6 7 1 40.699530 -73.888730
21 1 6 1 3 1 0 40.838990 -73.910900
19 0 4 1 3 0 1 40.820036 -73.921411
21 0 11 1 15 1 1 40.674860 -73.911230
30 0 13 4 21 0 1 40.754750 -73.854900
30 0 14 4 25 0 1 40.765354 -73.939863
23 0 4 4 0 0 1 40.688334 -73.950916
27 0 16 0 16 0 1 40.844811 -73.912042
23 1 5 4 7 7 0 40.814469 -73.924963
36 0 4 2 1 0 1 40.767128 -73.962246
20 0 8 3 5 11 1 40.867094 -73.917295
17 0 4 5 0 11 1 40.701120 -73.930390
24 0 2 2 2 5 1 40.862940 -73.901080
19 0 3 4 1 0 1 40.846160 -73.893220
19 0 10 3 13 2 1 40.723680 -73.904580
25 0 4 4 5 10 1 40.847840 -73.883000
51 0 18 14 23 1 1 40.724813 -73.947526
23 1 13 3 10 3 0 40.710681 -73.933720
21 0 9 1 3 0 1 40.685930 -74.002424
21 0 2 3 1 17 1 40.751470 -73.855700
41 1 7 3 5 3 0 40.754692 -73.997402
45 0 12 2 0 0 1 40.737530 -74.005589
27 0 2 4 0 0 1 40.778567 -73.977550
22 0 10 5 8 10 1 40.648680 -73.946350
19 0 14 0 12 1 1 40.819999 -73.897263
25 1 18 3 14 10 0 40.736490 -73.869950
50 0 18 9 7 3 1 40.727690 -73.990993
39 0 9 4 9 0 1 40.685068 -73.977908
21 0 12 2 4 2 1 40.677090 -73.900800
20 0 3 1 6 0 1 40.757120 -73.872200
19 0 1 9 3 4 1 40.731450 -73.900220
123 0 10 29 16 20 1 40.750756 -73.978326
47 0 12 10 13 4 1 40.744697 -73.935404
79 1 11 3 13 3 0 40.740259 -73.984092
21 0 12 3 15 2 1 40.737150 -73.856140
47 0 2 4 2 0 1 40.768790 -73.961400
27 0 5 8 8 12 0 40.774233 -73.912749
23 0 0 0 2 0 1 40.748250 -73.879360
23 1 19 1 15 3 0 40.660340 -73.936180
64 0 45 3 31 1 0 40.721101 -73.991925
25 0 5 2 0 0 1 40.685957 -73.971468
29 1 5 3 7 3 0 40.765476 -73.918116
22 1 5 2 4 4 0 40.688580 -73.912270
20 0 15 1 13 1 1 40.765400 -73.882560
47 0 27 2 29 10 0 40.717411 -73.999573
33 0 15 3 1 0 1 40.707087 -73.957968
27 1 2 2 0 1 0 40.832081 -73.942386
19 0 3 5 1 0 1 40.701170 -73.890400
25 0 7 3 0 3 1 40.792327 -73.938300
41 0 16 8 9 0 1 40.710709 -73.959724
31 1 9 6 0 25 0 40.690470 -73.923511
27 0 9 2 9 0 0 40.864155 -73.892453
27 0 4 5 1 0 1 40.679439 -73.968044
27 0 9 6 16 4 0 40.709248 -73.960631
23 0 15 1 15 2 1 40.642690 -73.960990
23 0 7 2 5 1 1 40.844044 -73.933651
29 1 9 9 12 10 0 40.867880 -73.919685
23 0 4 5 3 2 1 40.674089 -73.978728
19 1 4 2 6 3 0 40.846050 -73.884260
29 1 11 5 3 1 0 40.727700 -73.943950
31 0 4 5 2 0 1 40.794165 -73.974124
71 0 20 10 32 19 1 40.714740 -74.009106
38 0 5 12 13 0 1 40.781411 -73.955959
68 0 4 7 9 3 1 40.752973 -73.987349
21 0 14 1 15 1 1 40.860120 -73.928489
19 1 4 1 2 1 0 40.681460 -73.934903
19 0 1 6 0 10 1 40.642703 -74.009441
23 0 5 2 7 0 1 40.757357 -73.904726
39 0 14 4 6 0 1 40.719792 -74.005224
30 0 22 1 26 0 1 40.652657 -74.002356
22 0 2 2 2 0 1 40.701830 -73.906250
27 0 3 4 8 2 1 40.679119 -73.971763
34 0 4 7 0 16 1 40.752554 -73.972826
69 0 21 7 15 2 1 40.725129 -73.981317
29 0 8 5 9 2 1 40.680974 -73.971010
19 0 3 1 7 3 1 40.859532 -73.913303
19 0 14 0 10 4 1 40.735770 -73.901840
21 0 5 11 6 11 1 40.645750 -73.943310
34 0 9 5 10 0 1 40.710361 -73.965304
27 0 3 7 0 0 1 40.670384 -73.978397
25 0 12 5 16 3 1 40.793434 -73.949450
25 0 5 8 11 10 1 40.788130 -73.952060
19 0 5 2 7 0 1 40.763875 -73.936485
19 0 4 3 11 4 1 40.726100 -73.909170
19 1 4 1 5 0 0 40.717821 -73.976289
23 0 1 5 1 0 1 40.666208 -73.981999
19 0 8 3 5 6 1 40.735680 -73.903870
19 0 6 1 5 0 1 40.783936 -73.912731
42 0 10 8 14 0 1 40.707678 -73.940162
19 0 2 3 3 2 0 40.697570 -73.930980
43 0 10 3 13 1 1 40.729387 -73.977724
27 0 14 1 14 0 1 40.811892 -73.904192
43 0 12 12 19 4 1 40.746872 -74.008210
41 0 8 9 16 14 0 40.757632 -73.969306
41 1 7 12 5 0 0 40.780578 -73.985624
44 0 25 2 37 0 1 40.717030 -74.009250
19 0 8 2 4 1 1 40.816126 -73.891559
109 0 4 19 0 8 1 40.751581 -73.977910
18 1 1 4 1 0 0 40.782940 -73.930770
27 0 4 5 1 0 1 40.677675 -73.969021
41 1 5 2 0 0 0 40.756265 -73.964179
45 0 20 1 27 0 1 40.716425 -73.965940
27 0 11 2 14 2 1 40.755243 -73.948568
19 0 11 1 6 3 1 40.724030 -73.908530
37 0 18 4 12 6 1 40.674706 -74.007557
31 0 3 5 0 1 1 40.842941 -73.938631
31 0 11 7 17 3 1 40.649580 -73.963160
31 0 16 2 15 0 1 40.809725 -73.953149
37 0 19 3 13 0 1 40.691652 -73.999979
27 0 2 3 1 0 1 40.741120 -73.921037
74 0 14 9 9 0 0 40.741740 -73.994156
21 1 17 0 19 0 0 40.662270 -73.937620
25 0 3 4 1 3 1 40.678045 -73.962408
23 1 8 1 6 2 0 40.753260 -73.905850
65 1 8 3 0 0 0 40.743943 -73.979661
50 0 25 9 41 0 1 40.732322 -73.955086
19 0 2 8 1 10 1 40.716930 -73.901980
21 0 10 2 7 4 1 40.702831 -73.933300
24 0 18 1 19 3 1 40.861699 -73.918557
22 1 3 5 0 1 0 40.816567 -73.888161
21 0 8 2 0 2 1 40.712460 -73.918730
20 0 1 4 0 10 1 40.757880 -73.857630
23 0 18 0 21 0 1 40.855560 -73.896150
19 1 3 1 4 0 0 40.763328 -73.908782
19 0 0 2 0 2 1 40.839278 -73.945446
79 0 67 1 67 0 0 40.675070 -73.987752
21 0 7 1 6 1 0 40.818477 -73.947568
19 0 2 6 5 1 1 40.872070 -73.884590
23 0 14 2 2 2 1 40.644660 -73.963220
20 0 1 2 0 1 1 40.860424 -73.909336
26 0 6 6 15 4 1 40.701660 -73.927540
31 1 3 3 4 1 0 40.816827 -73.917338
51 0 18 8 26 3 1 40.723230 -74.003140
23 0 3 6 6 12 0 40.642031 -73.981073
20 0 10 2 8 0 1 40.868130 -73.884120
45 0 39 1 41 0 1 40.656240 -74.009330
20 0 3 2 6 0 0 40.698000 -73.912700
20 0 2 1 3 0 1 40.839312 -73.922423
29 0 4 2 1 0 1 40.758924 -73.962262
21 0 13 3 16 1 1 40.863124 -73.926994
21 1 4 2 10 2 0 40.758740 -73.875350
34 0 3 5 0 0 1 40.790180 -73.972890
27 1 11 1 17 1 0 40.670492 -73.985417
31 0 16 4 23 0 1 40.726060 -73.956210
21 0 8 4 4 2 1 40.874710 -73.910990
19 0 4 5 1 4 1 40.873870 -73.895330
44 0 18 1 31 1 1 40.706564 -73.968319
18 0 4 3 5 3 1 40.697140 -73.915660
24 0 1 3 0 0 1 40.663779 -73.983968
43 0 33 2 35 6 1 40.657089 -74.008702
53 0 35 0 50 1 1 40.677729 -73.993641
32 1 14 2 17 0 0 40.677236 -74.015665
25 0 9 5 3 4 1 40.795580 -73.919060
33 0 4 7 0 0 1 40.675832 -73.963308
21 0 3 4 1 0 1 40.679194 -73.958790
33 0 4 17 9 20 0 40.761573 -73.972628
78 0 4 2 5 1 1 40.712220 -74.010472
22 0 13 3 15 1 1 40.745820 -73.864330
30 0 7 2 12 0 1 40.705148 -73.970781
24 1 3 8 6 8 0 40.680983 -73.950048
45 1 13 3 8 0 0 40.726218 -73.983799
21 0 6 2 5 1 0 40.772717 -73.906127
69 1 29 14 35 0 0 40.715595 -73.987030
27 0 4 1 5 3 1 40.738274 -73.987520
25 0 5 2 2 0 1 40.719079 -73.942237
19 1 15 0 17 2 0 40.652502 -74.013587
31 0 5 2 2 0 0 40.834027 -73.945108
27 1 19 3 24 0 0 40.791976 -73.945993
34 0 22 3 14 3 1 40.749660 -73.952100
19 1 1 4 1 0 0 40.799757 -73.962113
31 0 8 6 14 7 1 40.712868 -73.956981
28 1 15 3 10 0 0 40.727086 -73.952991
21 1 5 1 3 0 0 40.825716 -73.915585
21 0 3 2 6 0 1 40.673130 -73.913870
69 0 27 15 31 15 1 40.705945 -74.013219
44 0 1 2 0 0 1 40.769310 -73.984640
28 0 2 4 0 1 1 40.668110 -73.950500
21 0 8 2 4 0 1 40.856100 -73.886250
36 1 12 7 6 1 0 40.687002 -73.976650
19 0 11 2 13 0 1 40.844075 -73.917256
51 1 9 4 11 0 0 40.749718 -74.002950
23 0 4 1 0 0 1 40.817802 -73.905203
31 0 3 7 1 0 1 40.774925 -73.982666
41 0 20 3 8 2 1 40.814326 -73.959025
21 0 9 6 8 3 0 40.725580 -73.904170
96 1 3 4 0 0 0 40.751551 -73.993934
19 0 4 3 5 8 1 40.807466 -73.927107
29 0 2 2 13 2 0 40.695020 -73.928250
50 0 4 3 0 3 1 40.748480 -73.982556
78 0 16 3 15 0 1 40.734232 -73.986923
21 0 14 1 15 3 1 40.674875 -74.010480
24 0 6 5 12 1 0 40.675833 -74.014726
21 0 13 0 19 1 1 40.832678 -73.905158
25 0 9 2 12 1 1 40.678356 -74.000145
25 0 6 1 6 0 1 40.759628 -73.932146
27 0 16 3 24 1 1 40.711174 -74.000165
53 0 15 19 23 6 1 40.716967 -73.956388
25 0 14 2 13 2 1 40.853070 -73.889530
19 1 8 2 6 2 0 40.672506 -74.004947
23 1 11 3 15 3 0 40.697940 -73.969868
44 0 2 1 0 1 0 40.766040 -73.987370
20 0 7 3 6 8 1 40.677380 -73.908290
39 0 18 3 12 1 1 40.732647 -73.990110
33 0 6 3 9 0 1 40.693261 -73.968896
36 1 7 8 1 0 0 40.804555 -73.939686
73 0 30 6 5 0 1 40.708347 -74.017134
75 1 8 18 10 23 0 40.757148 -73.972078
23 0 1 11 10 3 1 40.718320 -73.901280
34 1 2 0 20 2 0 40.731393 -73.982867
74 0 0 0 0 0 1 40.785000 -73.972834
19 0 0 0 0 0 1 40.724190 -73.912440
28 0 0 0 0 0 1 40.746530 -73.891210
23 0 0 0 0 0 1 40.861282 -73.921418
1 0 0 0 0 0 0 40.840896 -73.939721
5 0 0 0 2 1 0 40.678540 -73.913670
20 0 8 0 0 0 1 40.851747 -73.908964
19 0 3 2 8 1 1 40.834124 -73.889550
21 0 2 5 1 1 1 40.849250 -73.930220
19 1 6 2 7 1 0 40.820578 -73.888271
19 0 10 1 14 0 1 40.671907 -73.993612
19 0 2 2 1 0 1 40.858340 -73.910080
22 0 2 2 4 0 1 40.693850 -73.909740
22 0 9 3 11 0 1 40.802535 -73.953242
21 0 2 3 0 1 1 40.685153 -73.941110
20 0 5 1 1 0 1 40.843110 -73.891490
29 0 14 2 17 5 1 40.651566 -73.972212
25 0 17 1 16 0 1 40.741000 -73.880270
19 1 2 1 2 0 0 40.873980 -73.899430
20 0 0 3 0 0 1 40.847746 -73.922079
35 0 6 4 3 1 1 40.827305 -73.951989
19 0 8 2 6 7 1 40.753970 -73.862000
23 0 5 2 8 1 1 40.807347 -73.908098
31 1 15 3 9 1 0 40.799139 -73.938915
20 0 0 2 0 2 1 40.869200 -73.901210
19 0 7 1 12 1 1 40.819823 -73.912411
41 0 18 4 22 2 0 40.676530 -73.978469
25 0 18 0 18 0 0 40.750530 -73.897700
30 0 14 1 10 0 1 40.745890 -73.899150
27 0 7 2 10 4 1 40.750525 -73.945948
25 0 1 8 4 13 1 40.647379 -74.000911
29 0 1 4 7 0 1 40.673941 -73.960260
19 1 4 2 3 0 0 40.697666 -73.984764
48 0 31 4 33 0 1 40.686744 -73.990632
19 0 13 0 8 0 1 40.825737 -73.927311
20 0 2 5 4 12 1 40.871560 -73.897140
35 0 22 1 23 0 1 40.842240 -73.898500
66 1 32 9 40 12 0 40.724947 -74.001659
45 0 19 4 35 8 1 40.783964 -73.947167
21 1 3 2 2 6 0 40.739860 -73.924003
25 0 0 6 0 1 1 40.656633 -73.983864
30 0 0 1 2 0 1 40.670529 -73.958222
20 1 1 4 1 1 0 40.875550 -73.902120
24 0 7 3 10 2 1 40.742830 -73.932100
21 1 1 4 2 6 0 40.852538 -73.934410
21 0 11 0 10 0 1 40.829797 -73.931015
24 0 19 2 19 1 1 40.734660 -73.865010
22 0 1 3 0 0 1 40.842070 -73.926075
45 0 28 2 34 0 1 40.719876 -73.963865
25 0 4 2 6 1 0 40.695430 -73.919600
25 0 10 5 18 3 1 40.714690 -73.957390
30 0 22 1 21 2 1 40.648055 -73.972432
20 0 3 1 2 0 1 40.741930 -73.909130
31 0 22 1 28 1 1 40.670513 -73.988766
65 0 4 4 0 0 1 40.759291 -73.988597
24 0 0 0 2 0 1 40.837213 -73.908345
68 0 14 2 1 4 1 40.747833 -74.000572
19 0 1 4 3 12 1 40.877040 -73.889430
73 0 18 9 12 3 1 40.722438 -74.005664
79 0 39 5 49 0 1 40.744363 -73.955873
22 1 9 4 13 0 0 40.655770 -73.943200
19 0 11 3 14 0 1 40.644830 -73.961300
30 0 19 4 14 6 1 40.644990 -73.958180
20 0 3 3 12 3 1 40.684940 -73.922990
30 0 25 1 28 1 1 40.655920 -73.940680
50 0 15 3 9 0 1 40.759125 -73.962658
43 0 1 5 0 8 1 40.808200 -73.964100
19 0 9 3 2 0 1 40.705380 -73.925350
19 0 10 2 9 2 1 40.740460 -73.856500
24 0 4 4 3 7 1 40.749840 -73.861560
73 0 6 9 11 11 1 40.765909 -73.976342
56 1 30 4 10 9 0 40.693270 -73.977039
24 0 2 2 6 0 0 40.745347 -73.921942
25 0 1 5 3 7 1 40.884920 -73.890840
21 0 0 5 0 13 1 40.855890 -73.927082
63 0 4 18 10 14 1 40.755273 -73.983169
20 0 3 5 3 8 1 40.844630 -73.879880
27 0 7 5 13 0 1 40.708323 -73.948732
19 0 3 1 3 0 1 40.843264 -73.904867
23 1 11 4 7 11 0 40.673636 -74.011956
23 0 2 7 7 6 1 40.696820 -73.937569
19 0 4 3 6 7 1 40.721550 -73.902950
34 1 9 3 18 10 0 40.747182 -73.943264
21 0 3 2 0 0 1 40.672420 -73.930940
20 0 14 3 12 7 1 40.764540 -73.871710
22 0 14 0 16 0 1 40.831584 -73.914900
45 0 13 5 19 5 1 40.751396 -74.005226
18 0 7 2 4 0 1 40.720840 -73.948440
24 0 6 2 0 0 1 40.771497 -73.990460
20 0 5 2 2 0 1 40.815077 -73.899939
21 0 6 2 7 0 1 40.825322 -73.887729
19 0 3 1 3 0 1 40.664810 -73.942690
22 1 2 1 0 0 0 40.753935 -73.883901
19 0 1 1 3 0 1 40.820570 -73.917579
24 0 1 3 1 0 1 40.748410 -73.875100
19 0 8 3 6 4 1 40.698120 -73.902710
25 0 21 1 22 0 1 40.659690 -73.945170
123 0 19 12 0 0 1 40.744219 -73.971212
22 0 4 7 1 6 1 40.713910 -73.902990
19 0 3 3 1 2 1 40.743250 -73.890790
21 0 17 0 14 0 1 40.831444 -73.926226
44 0 23 3 16 1 1 40.688255 -73.995452
47 0 32 2 23 0 1 40.687881 -73.989393
21 0 4 2 8 0 1 40.854124 -73.899322
19 0 4 1 1 0 1 40.746790 -73.908930
120 0 42 8 10 0 1 40.739376 -74.005208
35 0 9 3 16 0 0 40.777945 -73.946041
21 0 16 1 17 0 1 40.738130 -73.881040
21 0 5 4 2 4 1 40.709290 -73.894410
36 0 21 4 24 0 1 40.723957 -73.949844
21 0 8 0 7 0 1 40.850535 -73.901318
48 0 30 4 29 1 1 40.700119 -73.986200
23 0 3 3 2 0 1 40.686360 -73.956780
70 0 22 3 2 0 1 40.732233 -73.988900
25 1 10 3 4 0 0 40.797911 -73.942300
22 0 5 3 6 0 1 40.652370 -73.956230
23 0 8 3 8 2 1 40.813539 -73.945210
20 0 11 3 12 0 1 40.764240 -73.881200
39 0 14 5 31 0 1 40.757284 -73.953600
21 1 0 2 0 3 0 40.869450 -73.891480
19 0 6 1 7 1 1 40.827184 -73.893721
23 0 10 5 6 8 1 40.807408 -73.919240
43 0 19 9 0 1 1 40.710451 -73.960876
19 0 2 1 1 2 1 40.749478 -73.918265
48 0 3 18 1 0 1 40.788665 -73.966801
67 0 5 3 0 0 1 40.762272 -73.987882
22 1 2 1 2 7 0 40.699850 -73.971410
22 0 8 6 5 11 1 40.645350 -73.932680
20 0 5 4 5 8 1 40.693022 -73.948680
30 0 8 3 11 0 1 40.723684 -73.975748
29 1 8 1 7 2 0 40.751555 -73.915026
23 0 14 3 13 3 1 40.878260 -73.905080
20 0 13 2 9 0 1 40.705390 -73.929760
23 1 4 2 12 2 0 40.754795 -73.917014
79 0 13 12 2 0 1 40.777507 -73.988886
43 0 3 7 0 2 1 40.773407 -73.977825
24 0 5 11 9 12 1 40.776168 -73.910485
49 1 8 8 13 10 0 40.711066 -74.009447
19 0 5 3 7 1 1 40.713352 -73.949103
19 0 0 0 0 0 1 40.839194 -73.888587
73 0 40 9 40 3 1 40.728419 -73.987140
33 0 5 4 5 1 1 40.657265 -73.974165
18 1 1 4 4 0 0 40.843099 -73.889927
25 0 13 3 15 8 1 40.697950 -73.970776
39 0 24 3 31 0 1 40.679043 -74.011169
25 0 12 4 12 0 1 40.716657 -73.936370
19 0 12 1 11 0 1 40.643780 -73.968670
33 0 12 3 17 0 1 40.771717 -73.931593
57 1 11 5 9 2 0 40.707179 -74.008873
47 0 21 5 16 4 1 40.720253 -73.957082
21 0 3 1 4 2 1 40.675680 -73.913960
33 0 1 5 1 5 1 40.743498 -73.918605
22 1 8 1 0 0 0 40.682755 -73.982586
21 0 6 2 5 0 1 40.676860 -73.933270
48 1 7 20 12 31 0 40.758281 -73.970694
54 1 5 1 0 0 0 40.743116 -73.982154
76 0 28 2 24 0 0 40.732241 -74.000264
58 0 4 8 8 0 1 40.769157 -73.967035
42 0 20 5 13 0 1 40.713107 -73.994464
35 1 14 1 1 1 0 40.705693 -74.016777
20 0 8 3 13 0 1 40.684520 -73.920110
69 1 9 10 12 6 0 40.739713 -73.994564
42 0 21 5 18 2 1 40.740057 -74.005274
19 0 5 2 7 1 1 40.703681 -73.954270
21 0 0 2 0 2 1 40.822756 -73.951346
24 0 4 7 11 9 1 40.648650 -74.006460
67 0 17 2 14 1 1 40.731437 -73.994903
31 1 26 1 26 0 0 40.653500 -74.009020
49 0 10 0 1 0 1 40.745686 -74.005141
24 0 0 3 0 9 1 40.821294 -73.947868
41 0 3 3 0 0 1 40.757570 -73.990985
23 0 5 2 12 0 1 40.776745 -73.906558
73 0 32 9 33 2 1 40.746745 -74.007756
39 0 5 11 7 4 1 40.780628 -73.952167
24 0 17 1 20 0 1 40.738320 -73.879130
73 0 26 14 30 17 1 40.781153 -73.949630
21 1 4 3 1 3 0 40.823162 -73.923267
35 1 3 2 7 0 0 40.769943 -73.960607
25 1 1 1 5 0 0 40.746380 -73.883220
25 0 14 2 15 2 1 40.743360 -73.851290
19 0 1 8 3 11 1 40.715922 -73.906014
29 0 11 4 8 4 0 40.741327 -73.937999
21 0 12 2 13 0 1 40.647410 -73.959330
19 1 1 2 0 0 0 40.747320 -73.911970
97 1 12 12 3 3 0 40.750585 -73.994685
48 0 2 11 0 0 1 40.782939 -73.978652
20 0 2 13 7 11 1 40.635679 -74.020005
24 0 2 6 1 1 1 40.668760 -73.933760
20 0 1 5 5 1 0 40.656290 -73.977335
19 0 11 1 15 1 1 40.828090 -73.912880
21 0 5 2 13 0 1 40.783956 -73.916894
31 0 0 2 2 0 0 40.861915 -73.894831
25 1 20 1 19 2 0 40.644350 -73.965910
19 0 1 2 8 5 1 40.752170 -73.935880
25 1 5 13 4 14 0 40.633385 -74.016562
27 0 12 2 16 4 1 40.749207 -73.949373
37 0 22 3 27 0 1 40.702240 -73.982578
33 1 13 6 15 14 0 40.790483 -73.950331
21 1 2 1 7 0 0 40.819034 -73.956156
30 0 22 1 23 0 1 40.666197 -73.992466
20 0 12 1 9 5 1 40.737270 -73.864150
19 0 4 12 11 2 0 40.639421 -74.026823
18 0 11 2 14 0 0 40.763990 -73.866900
23 1 2 2 3 4 0 40.854660 -73.901500
21 0 2 5 3 5 1 40.708860 -73.901820
19 0 0 2 0 6 1 40.710700 -73.905250
19 0 1 2 5 0 1 40.843010 -73.911720
21 0 10 4 9 8 1 40.773368 -73.913826
32 1 17 1 20 0 0 40.853646 -73.908731
19 1 1 3 0 0 0 40.714350 -73.914050
23 0 18 1 19 0 1 40.655278 -74.003101
25 0 9 1 8 0 1 40.810792 -73.943068
20 1 0 4 0 1 0 40.660906 -73.983074
39 0 14 2 7 0 1 40.702772 -73.993836
19 0 14 1 17 1 1 40.654098 -74.001131
24 1 6 1 12 2 0 40.653020 -73.945990
19 0 10 0 7 0 1 40.808633 -73.916124
24 1 15 1 17 0 0 40.861560 -73.912190
21 0 3 2 2 0 1 40.745620 -73.924020
33 0 2 2 8 10 1 40.744806 -73.917290
19 0 11 2 9 8 1 40.702997 -73.929970
23 1 14 0 11 0 0 40.830051 -73.892103
20 0 1 1 0 0 1 40.860479 -73.905717
24 1 2 2 1 0 0 40.846052 -73.937648
39 1 25 1 19 0 0 40.813358 -73.956461
25 0 3 2 1 1 1 40.873070 -73.889710
27 0 10 3 11 1 1 40.800539 -73.941995
25 0 19 1 18 3 1 40.736280 -73.867520
19 0 2 4 1 12 1 40.719210 -73.912400
21 0 7 3 10 1 0 40.780013 -73.906676
19 0 2 1 0 0 1 40.745502 -73.909887
24 0 12 3 11 5 1 40.853910 -73.886600
35 1 3 4 9 6 0 40.848467 -73.936064
19 0 0 1 0 0 1 40.832812 -73.929372
24 0 2 4 3 7 1 40.849972 -73.938423
27 0 3 3 1 0 1 40.761149 -73.917007
52 1 21 6 17 8 0 40.695065 -73.987167
20 0 2 7 5 8 1 40.678720 -73.911050
79 0 19 0 0 1 1 40.735324 -73.998004
28 0 11 4 13 2 1 40.751770 -73.948210
38 1 3 7 0 0 0 40.784760 -73.969862
20 0 3 5 5 6 1 40.687050 -73.923380
40 0 6 6 4 1 1 40.773983 -73.930913
57 1 5 4 5 0 0 40.763954 -73.964600
27 0 17 1 14 0 1 40.677027 -73.986500
27 0 13 2 14 1 1 40.707165 -73.923711
21 1 1 2 3 7 0 40.828199 -73.903719
24 0 7 4 10 9 1 40.654580 -73.947160
21 0 9 4 11 0 1 40.813991 -73.885500
24 0 4 2 11 0 1 40.819241 -73.941057
30 1 5 8 1 1 0 40.669590 -73.942370
23 0 3 0 2 1 1 40.747180 -73.886750
29 0 12 3 9 0 1 40.801307 -73.939817
29 0 10 8 7 18 1 40.820909 -73.927538
26 0 5 2 4 0 1 40.827212 -73.942722
30 1 21 2 20 5 0 40.860100 -73.886600
21 0 2 4 0 17 1 40.867505 -73.926363
19 0 4 2 10 2 1 40.683740 -73.926100
75 0 17 5 3 0 0 40.733209 -73.975681
19 1 7 5 7 8 0 40.744480 -73.865160
19 1 11 0 7 0 0 40.749520 -73.902650
25 0 5 1 6 3 1 40.755389 -73.911517
27 0 2 2 0 0 1 40.744510 -73.914120
21 1 0 1 0 2 0 40.749620 -73.866770
23 0 2 2 2 7 1 40.699220 -73.897950
87 0 27 14 47 2 1 40.739445 -73.976806
25 0 5 6 4 9 1 40.680120 -73.931680
22 0 15 1 13 0 1 40.767680 -73.878990
27 0 11 2 17 4 1 40.745248 -73.947333
19 0 14 1 12 6 1 40.650176 -74.015606
22 0 12 0 7 0 1 40.752010 -73.899860
39 0 4 9 0 0 1 40.778968 -73.973747
21 0 12 2 16 1 1 40.775415 -73.900063
41 0 12 2 7 0 0 40.730311 -73.980472
21 1 3 4 0 5 0 40.670500 -73.930800
29 0 15 2 11 0 1 40.702709 -73.992530
19 0 12 1 13 1 1 40.737070 -73.900770
20 1 11 2 14 2 0 40.656660 -73.931090
35 1 23 4 25 0 0 40.729803 -73.959099
41 0 7 3 10 0 1 40.771129 -73.957723
21 0 5 3 6 2 1 40.761294 -73.909562
20 0 7 3 10 5 1 40.732240 -73.943830
25 0 16 1 15 0 1 40.840960 -73.879230
21 0 7 1 11 0 1 40.820681 -73.945144
27 0 11 2 14 1 1 40.812960 -73.941878
25 0 7 4 9 0 1 40.644719 -73.974515
24 0 2 2 5 0 1 40.698110 -73.909040
24 0 13 5 15 0 1 40.644910 -73.954870
25 0 4 6 6 9 1 40.688220 -73.919660
27 0 4 4 8 3 1 40.764175 -73.915840
24 0 10 3 12 0 1 40.797459 -73.934499
30 1 0 0 0 0 0 40.750550 -73.867250
43 0 1 23 2 28 1 40.785851 -73.954824
39 1 5 10 2 0 0 40.778012 -73.954071
25 0 3 6 1 8 1 40.687130 -73.930080
25 1 11 1 17 0 0 40.836179 -73.907301
63 0 4 9 5 8 1 40.673134 -73.969106
19 0 2 2 2 0 0 40.815887 -73.911918
28 0 1 2 4 0 1 40.703110 -73.895470
19 1 15 0 14 1 0 40.761090 -73.888380
23 0 5 1 12 0 1 40.744540 -73.881120
69 1 9 6 18 4 0 40.742752 -73.984716
29 0 5 3 2 1 0 40.757186 -73.932719
21 0 8 0 6 0 1 40.851182 -73.914651
23 0 0 7 3 9 1 40.658489 -73.985543
30 0 21 2 11 3 1 40.706237 -73.933871
24 0 1 3 0 0 1 40.825244 -73.947257
23 0 7 2 17 0 0 40.769247 -73.935450
68 0 28 10 43 2 1 40.733424 -74.008515
17 0 9 1 10 2 1 40.801657 -73.909513
36 0 2 1 0 0 1 40.756404 -73.994101
19 0 1 5 4 0 1 40.874070 -73.883365
23 0 8 5 6 8 1 40.743366 -73.959607
22 0 3 3 3 8 1 40.642501 -74.006055
22 0 5 1 9 0 1 40.819783 -73.936521
27 0 11 3 10 0 1 40.802926 -73.937900
31 0 20 3 16 3 1 40.646475 -74.026081
24 0 6 2 2 0 1 40.680440 -73.928420
41 0 19 2 27 0 1 40.767186 -73.937355
23 1 5 2 3 0 0 40.763154 -73.920827
19 1 3 2 4 0 0 40.673510 -73.933630
25 0 6 3 4 1 1 40.764496 -73.904632
43 0 28 4 36 1 1 40.722767 -73.957021
39 0 9 1 4 0 1 40.743534 -74.003676
33 0 10 4 16 0 1 40.719116 -74.006667
30 1 8 2 10 1 0 40.818743 -73.890247
21 1 5 4 1 10 0 40.651654 -73.981231
44 1 27 2 21 0 0 40.724861 -73.992131
23 0 12 2 17 0 1 40.757270 -73.890240
20 0 12 0 10 0 1 40.827301 -73.896372
25 0 3 2 2 0 0 40.701573 -73.908763
21 1 14 4 13 6 0 40.764470 -73.873690
52 0 19 7 42 8 1 40.704633 -74.013617
47 0 8 12 14 1 1 40.692418 -73.989495
21 0 3 5 9 5 1 40.742520 -73.948852
29 0 7 5 5 6 1 40.681390 -73.907560
23 1 12 3 15 6 0 40.761960 -73.870420
20 0 4 3 9 3 1 40.665590 -73.937120
116 0 22 10 0 0 1 40.760094 -73.994618
21 1 16 1 18 1 0 40.666168 -73.995549
23 1 7 5 5 3 0 40.695398 -73.949549
25 0 8 3 5 0 1 40.763414 -73.996674
19 0 1 1 0 1 1 40.837037 -73.890413
23 0 3 1 0 0 1 40.748800 -73.894510
21 0 5 2 0 1 0 40.709340 -73.956080
19 1 2 3 5 2 0 40.708090 -73.895490
22 0 5 3 4 0 1 40.718820 -73.939480
45 1 17 0 11 1 0 40.685126 -74.025353
57 0 43 3 52 0 1 40.716887 -73.963198
19 0 4 1 0 0 1 40.673720 -73.921990
23 0 1 1 0 1 1 40.754040 -73.868870
35 1 17 2 19 0 0 40.711174 -73.996826
23 0 5 7 4 1 1 40.853500 -73.881770
27 0 17 1 15 0 1 40.702013 -73.923769
21 0 8 3 5 2 1 40.650739 -73.977739
19 0 9 1 11 0 1 40.831998 -73.892686
21 0 6 3 2 1 1 40.851980 -73.894380
31 0 3 2 0 0 1 40.763707 -73.985162
31 1 20 2 17 4 0 40.796879 -73.937261
25 1 14 5 10 11 0 40.651820 -73.931350
27 0 2 5 8 13 1 40.694650 -73.934300
94 0 44 4 24 0 0 40.726331 -73.986169
21 0 16 1 17 4 0 40.738560 -73.885530
30 0 9 0 11 0 1 40.833909 -73.921120
54 0 9 9 11 8 1 40.739888 -73.989586
21 0 2 1 0 0 1 40.749370 -73.887140
38 0 32 3 30 5 1 40.734810 -73.874310
30 0 13 6 10 12 1 40.802554 -73.933509
39 0 15 4 18 0 1 40.683046 -74.003486
105 0 36 9 13 0 1 40.730207 -73.991026
19 1 2 2 0 1 0 40.831710 -73.902080
22 0 3 4 4 3 1 40.686520 -73.913210
21 0 2 1 2 0 1 40.760720 -73.910989
78 0 25 10 19 3 1 40.720280 -73.998790
23 1 7 2 5 1 0 40.816960 -73.942296
63 0 16 6 26 2 1 40.725840 -74.007653
25 1 17 1 15 5 0 40.736720 -73.877280
21 0 2 6 8 5 1 40.644743 -74.003754
45 0 1 2 0 0 0 40.754818 -73.988154
19 0 6 4 1 11 1 40.649490 -73.954080
21 0 2 1 0 0 1 40.850036 -73.912785
27 0 9 5 6 0 1 40.721791 -73.950415
29 1 12 2 11 0 0 40.704118 -73.948186
39 0 13 3 16 0 1 40.719105 -73.999733
42 0 17 4 12 1 1 40.720196 -73.989978
74 0 42 9 22 17 1 40.689888 -73.981013
19 0 2 3 5 4 1 40.666700 -73.939720
27 0 4 3 0 0 1 40.771203 -73.903865
67 0 44 6 59 5 0 40.723627 -73.999496
23 0 5 4 5 4 1 40.697576 -73.948881
19 0 1 1 2 0 1 40.676390 -73.927480
65 0 13 14 10 17 1 40.737262 -73.992390
35 1 13 4 4 0 0 40.732660 -73.958260
67 0 7 10 8 3 1 40.764126 -73.980973
105 0 6 6 0 0 1 40.756405 -73.990026
20 0 2 1 2 0 1 40.665090 -73.948240
78 0 8 15 11 20 1 40.754601 -73.971879
23 0 3 0 3 1 1 40.848354 -73.918389
47 0 3 8 3 0 1 40.776321 -73.964274
20 0 11 5 14 4 1 40.879790 -73.901640
35 0 32 0 30 0 1 40.642431 -74.025536
19 1 10 2 7 0 0 40.818850 -73.888210
61 0 23 6 12 5 1 40.734814 -73.992085
45 0 14 5 19 2 1 40.708589 -74.009355
30 0 23 2 24 1 1 40.753200 -73.853000
25 0 6 7 3 0 1 40.800460 -73.924040
22 0 2 10 1 12 1 40.642622 -74.016866
20 0 1 2 0 0 1 40.855156 -73.912780
21 1 5 10 5 10 0 40.644830 -73.938530
50 0 3 2 6 0 1 40.765959 -73.983135
68 0 7 26 18 34 1 40.755003 -73.980144
25 0 14 2 16 4 1 40.742490 -73.878090
23 0 3 11 1 17 1 40.869899 -73.920763
19 0 3 2 10 0 1 40.759604 -73.927144
21 0 0 4 0 4 1 40.819746 -73.951819
24 1 4 8 0 1 0 40.713532 -73.945987
45 0 23 5 38 3 1 40.772900 -73.916142
19 0 5 4 11 5 1 40.699576 -73.947084
20 1 3 3 10 5 0 40.688140 -73.926930
25 0 1 4 0 0 1 40.804213 -73.966991
75 1 17 4 5 0 0 40.739017 -74.002638
54 0 17 2 18 2 1 40.717571 -74.005549
63 0 4 18 0 1 1 40.786210 -73.975600
55 0 24 4 38 0 1 40.716250 -74.009106
61 1 20 10 0 0 0 40.729538 -73.984267
23 0 13 1 10 0 1 40.772899 -73.896849
39 0 14 7 23 3 1 40.712690 -73.987763
34 0 23 3 28 0 1 40.714067 -73.992939
109 0 12 15 9 8 1 40.742869 -73.989186
23 1 10 4 18 3 0 40.648730 -73.960840
21 0 3 5 2 8 1 40.742374 -73.956600
58 1 9 12 21 6 0 40.801343 -73.971146
55 0 13 6 41 0 1 40.715348 -73.960241
28 0 0 0 0 0 1 40.850885 -73.906469
19 1 0 0 0 0 0 40.734436 -73.937908
55 0 0 0 0 0 1 40.764734 -73.991944
20 0 5 3 19 1 0 40.711863 -73.944024
24 0 0 0 2 0 1 40.846276 -73.909313
23 0 0 2 0 0 1 40.859410 -73.898500
21 0 13 0 10 0 1 40.853220 -73.905460
107 0 48 10 79 0 1 40.727408 -73.981420
43 0 5 5 0 0 1 40.775160 -73.989187
72 0 24 8 15 1 0 40.724310 -74.004730
20 0 1 0 2 0 1 40.848793 -73.903178
22 0 16 1 13 0 1 40.741540 -73.874840
65 0 37 4 27 0 1 40.708380 -74.004950
21 0 7 4 14 6 1 40.747371 -73.947773
25 1 6 3 12 1 0 40.678724 -73.995991
51 0 6 27 6 37 1 40.759711 -73.974023
23 0 7 4 13 2 0 40.710190 -73.937340
19 0 1 2 3 1 1 40.676070 -73.921710
60 0 3 6 3 5 1 40.750380 -73.983390
18 0 2 3 0 12 1 40.866480 -73.890420
27 1 12 2 2 8 0 40.745038 -73.957539
22 0 13 4 18 3 1 40.646830 -73.949330
22 0 5 1 5 0 1 40.846960 -73.886630
24 0 3 3 5 0 1 40.848282 -73.941343
20 1 2 6 3 9 0 40.747510 -73.893720
60 0 21 16 15 16 1 40.724561 -73.995653
29 0 9 3 9 0 0 40.801487 -73.944251
39 0 6 2 1 0 1 40.699918 -73.989718
39 0 23 5 33 0 1 40.719240 -73.952420
27 0 10 2 5 2 1 40.816234 -73.948222
19 0 0 1 1 0 1 40.832057 -73.927421
19 1 10 0 8 0 0 40.826677 -73.929327
21 0 3 0 10 0 1 40.831730 -73.922394
35 0 19 3 30 4 1 40.790305 -73.947558
22 0 2 2 6 5 1 40.759510 -73.864910
20 0 0 0 0 0 1 40.826881 -73.941427
23 0 11 2 12 8 1 40.705614 -73.921530
26 0 2 2 1 0 1 40.752900 -73.875360
27 0 3 10 1 13 1 40.646351 -74.009271
20 1 13 2 14 3 0 40.706860 -73.928510
23 1 6 9 8 6 0 40.756140 -73.860840
19 0 6 10 5 13 1 40.755393 -73.977601
21 1 2 11 4 12 0 40.723530 -73.899670
33 0 8 2 11 0 1 40.826406 -73.937948
30 0 10 6 16 0 1 40.649983 -74.005144
19 0 6 5 13 3 0 40.774591 -73.918544
19 0 2 3 6 0 1 40.676690 -73.944370
31 1 12 2 14 0 0 40.698458 -73.997178
19 0 11 1 10 0 1 40.830702 -73.936371
23 0 4 2 5 0 1 40.684751 -73.999173
27 0 1 3 0 1 1 40.676513 -73.959431
24 0 21 0 23 0 1 40.662611 -73.998623
35 0 25 3 18 4 1 40.861748 -73.891050
29 0 23 0 23 1 1 40.850121 -73.910765
19 0 3 2 8 8 1 40.697200 -73.906740
22 0 7 0 14 0 1 40.819006 -73.944769
18 0 12 1 13 0 1 40.763130 -73.877200
21 0 4 2 8 1 1 40.771394 -73.907744
27 0 13 3 20 3 1 40.747130 -73.855020
24 1 10 1 8 2 0 40.651060 -73.941930
20 1 3 1 3 0 0 40.836274 -73.884308
39 0 3 6 0 0 1 40.783400 -73.980931
21 0 3 1 6 3 1 40.737817 -73.930241
29 0 0 5 0 1 1 40.661063 -73.979453
19 0 10 2 6 0 1 40.774850 -73.934200
19 0 8 0 6 0 1 40.832649 -73.885272
41 1 14 2 2 1 0 40.694749 -73.983625
27 1 1 3 4 0 0 40.665816 -73.956934
45 1 16 2 20 4 0 40.716885 -74.006501
35 1 23 2 29 0 0 40.689395 -73.999513
19 0 0 7 0 7 1 40.878120 -73.891920
27 0 14 3 15 5 1 40.871390 -73.914318
42 0 15 6 30 1 1 40.735550 -73.952840
19 1 5 1 4 0 0 40.829950 -73.898802
51 0 10 9 0 0 1 40.687645 -73.969689
30 0 8 7 3 11 0 40.689290 -73.909510
19 0 2 3 3 1 1 40.689493 -73.942061
18 0 4 1 0 0 1 40.685376 -73.983021
31 0 14 4 22 0 1 40.786259 -73.945526
20 0 2 3 2 0 1 40.676860 -73.936070
31 1 7 5 1 0 0 40.681860 -73.959432
31 0 7 4 0 5 1 40.769918 -73.918406
16 0 12 1 10 4 1 40.800425 -73.911034
23 0 1 3 0 7 1 40.763422 -73.914142
18 0 2 2 11 0 1 40.700550 -73.894300
22 0 11 5 12 6 1 40.649150 -73.943680
61 1 18 5 0 1 0 40.706842 -73.954435
20 1 2 3 3 0 0 40.843965 -73.920999
35 0 6 3 4 0 1 40.738177 -73.977387
25 0 7 3 3 3 1 40.741130 -73.942518
19 0 3 2 7 0 1 40.684540 -73.932200
20 0 3 1 5 3 1 40.693800 -73.931140
20 0 9 2 7 0 1 40.713126 -73.984844
44 0 7 2 15 4 1 40.751102 -73.940737
19 1 9 2 13 0 0 40.745490 -73.906050
36 1 14 5 15 0 0 40.727897 -74.005363
23 0 8 3 3 1 1 40.689670 -73.975274
23 0 9 1 16 0 1 40.660350 -73.956790
19 0 3 2 3 0 1 40.755740 -73.903427
17 0 4 3 5 0 1 40.689890 -73.914580
19 0 5 4 5 0 1 40.721580 -73.945460
27 0 8 3 5 3 1 40.781450 -73.918330
48 0 31 2 30 1 1 40.713079 -73.998512
19 0 3 2 0 2 1 40.754730 -73.933670
79 1 20 14 20 1 0 40.768974 -73.954823
35 0 8 2 1 0 1 40.686832 -73.979677
22 0 5 2 6 4 1 40.808384 -73.923604
25 0 0 4 4 8 1 40.859166 -73.933872
22 0 10 4 12 9 1 40.751380 -73.862420
30 0 7 6 15 7 1 40.814394 -73.953247
21 0 6 2 0 0 1 40.782465 -73.914527
61 0 13 2 1 0 1 40.745497 -74.001971
33 0 5 1 0 0 1 40.758985 -73.993800
19 0 4 1 7 1 1 40.841092 -73.892317
24 0 7 2 14 2 0 40.688200 -73.907980
19 0 2 2 7 1 1 40.759570 -73.914268
30 0 21 2 20 2 1 40.859850 -73.891350
23 0 5 2 7 0 1 40.772768 -73.927436
19 1 15 1 14 2 0 40.764660 -73.888030
19 1 5 0 7 3 0 40.749550 -73.854640
23 1 2 3 0 0 0 40.805559 -73.914718
24 0 8 1 8 0 0 40.820877 -73.939249
35 1 17 4 23 0 0 40.684989 -73.994403
45 0 19 5 33 4 1 40.725117 -73.999305
23 0 11 3 11 0 1 40.753970 -73.857480
22 0 2 4 7 0 1 40.667320 -73.933980
30 0 5 8 6 13 1 40.749080 -73.891720
25 0 20 0 18 0 1 40.850140 -73.898180
49 0 27 9 37 10 1 40.714852 -74.011223
19 0 4 3 3 1 1 40.684568 -73.958811
23 1 3 3 3 1 0 40.686312 -73.935775
81 0 11 3 6 1 1 40.742990 -73.977110
23 0 17 1 13 4 1 40.651354 -74.007168
25 0 9 3 7 0 1 40.786995 -73.941648
19 0 3 1 1 0 1 40.840683 -73.915073
25 1 11 3 11 1 0 40.800672 -73.934900
27 1 9 2 13 0 0 40.804038 -73.945925
19 0 1 3 1 0 1 40.684020 -73.949770
21 0 2 4 2 0 1 40.677592 -73.955637
35 0 6 5 6 0 1 40.721319 -74.010065
23 0 2 3 3 0 1 40.769673 -73.906018
66 0 6 29 11 48 1 40.763026 -73.972095
19 0 15 0 14 2 1 40.857240 -73.890900
23 1 5 6 10 0 0 40.748750 -73.862850
27 0 3 1 6 0 1 40.754370 -73.878330
39 0 24 3 25 1 1 40.718389 -73.961501
24 0 6 5 7 1 1 40.715342 -73.938651
47 1 18 5 42 2 0 40.720798 -73.954847
32 0 5 4 0 0 1 40.793770 -73.971888
21 0 2 7 8 1 1 40.660938 -73.986804
59 0 13 3 15 0 1 40.768333 -73.992573
23 0 12 2 12 1 1 40.805089 -73.918889
21 0 8 2 4 1 0 40.701080 -73.917900
24 0 17 0 20 0 1 40.847310 -73.899810
23 1 12 1 8 6 0 40.795508 -73.941606
19 0 3 3 2 1 1 40.763359 -73.928647
43 0 3 11 0 0 1 40.788390 -73.974700
23 0 3 2 5 0 1 40.813135 -73.909235
45 1 17 5 16 4 0 40.722281 -73.976687
21 1 14 0 15 1 0 40.845505 -73.914311
21 0 7 2 11 0 1 40.744630 -73.873860
20 1 4 4 6 6 0 40.651745 -73.975988
23 0 16 1 15 0 1 40.653300 -73.936440
44 0 22 7 34 6 1 40.703144 -74.013178
25 0 1 11 1 13 1 40.882240 -73.891360
39 0 3 7 9 3 1 40.810949 -73.963400
38 0 13 6 15 0 1 40.717662 -73.948800
34 1 17 2 16 1 0 40.861382 -73.925591
19 0 1 3 0 0 1 40.704130 -73.907370
23 0 10 1 11 0 0 40.868487 -73.888456
22 0 4 2 0 0 0 40.835775 -73.943400
19 0 9 2 11 2 1 40.760185 -73.936273
25 0 4 3 2 0 1 40.754139 -73.919543
18 0 10 1 13 1 1 40.702726 -73.949840
79 0 14 2 5 0 1 40.735367 -73.987974
67 0 26 14 36 0 1 40.727064 -73.996621
19 0 13 1 7 0 0 40.768170 -73.896293
21 1 9 2 12 3 0 40.674340 -74.001947
55 0 8 5 1 0 1 40.760301 -73.998842
23 1 10 3 12 2 0 40.671540 -73.914330
79 0 16 6 0 0 1 40.762009 -73.996975
25 0 5 0 1 1 1 40.750910 -73.891110
51 0 1 5 4 20 1 40.759738 -73.978116
20 0 10 3 9 2 1 40.862562 -73.922661
22 0 3 1 6 0 0 40.746229 -73.916163
51 1 4 9 0 0 0 40.780184 -73.977285
33 0 3 12 8 7 1 40.675021 -73.971115
21 1 4 8 1 6 0 40.870496 -73.881876
19 1 2 9 2 14 0 40.741100 -73.888370
78 0 2 3 2 2 0 40.750977 -73.987654
19 0 16 0 19 0 0 40.661780 -73.934450
20 0 3 5 0 10 1 40.697481 -73.935877
19 0 11 1 16 0 0 40.656986 -73.998194
35 0 29 1 31 0 1 40.679770 -73.984700
27 1 5 3 1 0 0 40.685396 -73.974315
23 0 2 3 1 0 1 40.675140 -73.947160
20 1 3 2 1 3 0 40.697230 -73.898110
27 1 18 1 15 0 0 40.754176 -73.900318
27 1 14 2 12 10 0 40.702700 -73.920950
20 0 3 1 5 0 1 40.743240 -73.908000
31 0 1 4 0 0 1 40.861490 -73.881030
29 0 4 2 1 1 1 40.757973 -73.966033
27 1 7 1 6 0 0 40.736529 -74.006180
21 1 9 1 12 0 0 40.683320 -73.917110
25 0 13 3 19 1 1 40.650070 -73.960010
25 1 1 1 9 0 0 40.839549 -73.913004
24 0 0 5 0 0 1 40.659491 -73.980139
20 0 4 1 4 4 1 40.685650 -73.915640
29 1 4 5 5 8 0 40.666318 -73.985462
20 0 2 3 6 5 1 40.871190 -73.899180
21 0 5 2 7 3 0 40.695590 -73.899270
87 0 43 4 28 4 0 40.721854 -74.007718
18 1 5 1 2 0 0 40.748380 -73.906990
19 1 2 4 4 0 0 40.771183 -73.964094
24 0 5 5 4 0 1 40.694010 -73.994651
21 0 8 1 1 0 1 40.744577 -73.905986
45 0 4 13 4 2 1 40.778627 -73.957721
23 0 7 3 6 1 1 40.760083 -73.907107
27 0 7 3 3 2 1 40.744831 -73.938411
40 0 3 3 5 0 1 40.796935 -73.964341
21 0 8 3 10 4 1 40.869325 -73.915198
19 0 13 1 17 0 1 40.763280 -73.884040
21 0 4 12 7 0 1 40.883240 -73.905870
19 0 5 1 12 0 1 40.830262 -73.923391
21 0 6 3 4 0 1 40.814232 -73.903927
25 0 3 2 7 1 1 40.742400 -73.918080
20 0 8 4 6 1 1 40.770200 -73.875870
45 1 19 6 14 0 0 40.717318 -73.990678
77 0 46 2 31 0 1 40.686444 -73.987591
19 1 3 2 4 4 0 40.826960 -73.907451
20 0 4 3 2 0 1 40.740860 -73.917080
30 0 13 6 9 1 1 40.885240 -73.900770
27 0 10 3 10 8 1 40.787721 -73.947283
19 0 4 2 0 0 1 40.757630 -73.886820
27 0 16 1 13 1 1 40.822217 -73.928939
23 1 5 5 10 0 0 40.705109 -73.944073
19 0 8 1 7 0 1 40.785994 -73.915098
24 1 7 2 5 0 0 40.739414 -73.921320
19 0 2 2 2 0 1 40.705770 -73.912920
26 0 12 3 9 1 1 40.789253 -73.939562
21 0 2 2 7 0 1 40.673080 -73.941910
21 0 13 1 5 2 1 40.704508 -73.935100
22 1 8 4 14 0 0 40.716380 -73.948213
39 0 27 0 33 0 1 40.673746 -73.985649
19 1 12 1 16 0 0 40.738800 -73.903380
21 0 4 4 0 0 1 40.721226 -73.941845
36 0 10 2 2 0 1 40.714211 -73.981095
22 0 1 0 0 0 1 40.847610 -73.907450
19 0 3 3 5 2 1 40.718880 -73.914270
54 0 23 1 49 0 1 40.720368 -73.961651
25 0 5 2 2 4 1 40.683200 -73.911666
19 0 1 4 4 3 1 40.839229 -73.899047
25 1 6 2 0 1 0 40.816124 -73.908116
78 0 6 25 15 22 1 40.761670 -73.982560
27 0 3 3 1 4 1 40.756513 -73.929575
19 0 3 1 9 0 1 40.672610 -73.919770
19 1 3 3 9 2 0 40.682601 -73.938037
17 1 1 4 2 0 0 40.708630 -73.914970
23 0 6 0 8 0 1 40.848330 -73.909710
19 0 11 1 8 2 1 40.754730 -73.894580
30 0 14 2 17 0 1 40.725066 -73.975158
23 1 7 3 12 0 0 40.708531 -73.964090
21 0 6 3 5 2 1 40.850250 -73.893010
28 0 1 5 1 1 1 40.672168 -73.960900
24 0 3 3 0 0 1 40.676368 -73.952918
39 1 11 5 0 1 0 40.772370 -73.990050
20 1 6 5 8 4 0 40.645074 -73.979681
21 0 15 1 16 2 1 40.840536 -73.919228
30 1 3 6 1 20 0 40.643371 -74.011884
79 0 2 7 1 0 1 40.766953 -73.981693
20 0 1 6 1 4 1 40.659053 -73.988540
20 1 5 2 9 1 0 40.655190 -73.956400
59 0 7 26 14 26 1 40.761330 -73.979820
20 0 1 4 1 2 1 40.829523 -73.944279
23 0 15 2 19 0 1 40.652720 -73.949940
20 0 5 1 8 0 1 40.658150 -73.956740
27 0 9 12 4 17 1 40.638246 -74.024714
31 1 12 4 21 0 0 40.725819 -73.950815
31 0 18 1 13 0 1 40.719383 -73.991479
19 0 7 1 2 1 1 40.768200 -73.932266
32 0 5 5 7 10 1 40.868740 -73.896570
21 1 1 6 6 2 0 40.877964 -73.884755
21 0 13 1 17 0 1 40.662584 -73.995554
24 0 5 2 5 0 0 40.744365 -73.931724
25 1 1 4 0 0 0 40.672695 -73.954131
19 0 1 4 0 4 0 40.875531 -73.886386
23 0 7 2 14 0 1 40.670484 -73.982090
54 0 19 8 28 10 0 40.713342 -74.009355
21 0 4 1 3 1 1 40.830471 -73.904556
41 0 8 2 1 1 1 40.755293 -73.967641
35 0 28 2 31 0 1 40.645705 -74.020292
36 0 6 7 1 0 1 40.695224 -73.995989
15 0 10 1 9 1 1 40.730280 -73.904210
20 1 6 3 9 1 0 40.682820 -73.934880
54 0 7 5 0 0 0 40.733812 -73.980544
84 1 18 5 1 1 0 40.735877 -73.982050
56 0 28 6 30 7 1 40.727103 -74.002971
26 0 13 7 9 4 1 40.712250 -73.891110
19 1 10 3 11 4 0 40.884170 -73.897930
27 0 8 1 0 0 1 40.681970 -73.980340
33 0 11 4 10 0 1 40.803865 -73.955931
23 1 1 2 0 1 0 40.747574 -73.978801
21 0 8 4 11 0 1 40.651530 -73.962770
27 0 6 4 0 0 1 40.680484 -73.964680
25 0 5 1 14 1 1 40.699280 -73.953259
37 1 17 4 10 1 0 40.712859 -73.965903
33 0 11 3 1 0 1 40.788640 -73.943600
33 0 11 7 5 14 1 40.722104 -73.997249
84 0 4 3 12 3 1 40.752271 -73.987706
57 0 11 7 5 6 1 40.712733 -74.004607
43 0 5 19 9 33 0 40.758630 -73.975130
120 0 60 11 78 11 1 40.714948 -74.002345
21 1 2 6 6 3 0 40.686679 -73.947417
21 0 2 1 0 0 1 40.824956 -73.891677
20 0 9 2 8 2 1 40.826706 -73.888719
47 0 29 4 16 0 1 40.722293 -73.991475
51 0 12 6 16 1 1 40.729170 -73.998102
36 0 15 3 24 1 1 40.798786 -73.952300
38 0 12 4 5 1 1 40.827883 -73.927111
19 0 7 2 8 0 1 40.716075 -73.952029
21 1 4 3 0 1 0 40.813224 -73.930605
43 0 8 4 4 0 1 40.768254 -73.988639
39 0 5 6 0 0 0 40.795000 -73.964500
24 0 6 5 6 0 1 40.710369 -73.947060
23 0 4 2 0 0 1 40.768692 -73.924957
37 0 2 2 12 4 1 40.766638 -73.953483
24 0 12 4 12 8 1 40.651590 -73.935350
19 0 2 5 7 6 1 40.843350 -73.882470
43 0 12 4 17 0 1 40.709601 -74.006551
31 0 15 2 15 0 1 40.807832 -73.949373
28 0 5 3 7 0 1 40.693083 -73.971789
19 0 7 3 2 0 1 40.757420 -73.945133
19 1 4 1 3 1 0 40.826303 -73.898751
58 0 45 1 19 0 1 40.698399 -73.980689
69 0 45 10 60 0 1 40.719888 -74.008627
37 0 9 1 12 6 1 40.720540 -73.994900
23 0 4 1 5 0 1 40.699105 -73.960633
21 0 16 1 16 1 1 40.658200 -73.933800
20 0 5 3 9 1 1 40.758360 -73.878240
23 0 4 5 8 13 1 40.698617 -73.941342
21 0 10 3 12 4 1 40.649681 -73.967829
41 0 12 5 27 0 0 40.680611 -73.994758
23 0 5 3 3 3 1 40.685144 -73.953809
40 1 25 3 30 0 0 40.713322 -73.990097
32 0 4 3 3 5 0 40.695440 -73.932230
31 0 12 1 5 1 0 40.691780 -73.978770
21 0 4 3 1 0 0 40.764700 -73.924031
19 0 6 5 10 2 1 40.648005 -73.979342
19 0 6 3 12 1 1 40.705381 -73.949765
31 0 10 4 10 0 1 40.802557 -73.949078
23 0 4 6 10 4 1 40.660500 -73.962600
19 0 3 3 5 1 1 40.742880 -73.892830
19 0 14 0 12 0 1 40.757040 -73.892400
55 1 32 3 35 2 0 40.696102 -73.967510
23 0 2 2 1 0 0 40.821239 -73.917330
19 0 0 2 0 3 1 40.849629 -73.919205
21 0 13 0 9 0 1 40.834015 -73.908863
87 0 14 6 9 2 1 40.750020 -73.969053
27 0 12 1 14 0 1 40.807220 -73.941800
26 0 10 3 10 1 1 40.719293 -73.945004
25 0 2 9 1 2 1 40.857900 -73.881470
50 0 15 13 28 0 1 40.692395 -73.993379
21 0 9 3 9 6 1 40.739880 -73.860120
35 0 4 2 3 4 1 40.686630 -73.916800
39 0 7 6 4 7 1 40.692362 -73.986317
28 1 7 10 3 0 0 40.717452 -73.958509
19 0 3 2 7 4 1 40.742218 -73.929352
23 0 7 1 8 0 1 40.817245 -73.938787
117 0 2 3 4 0 1 40.765265 -73.981923
48 0 11 4 9 0 1 40.729848 -73.974552
57 0 15 16 34 8 1 40.715338 -74.016584
65 0 12 2 1 0 1 40.754610 -73.991770
20 0 2 3 3 4 1 40.672970 -73.938960
30 0 2 0 5 0 1 40.747970 -73.882040
60 0 12 3 14 0 1 40.743349 -74.006818
27 0 12 3 5 3 1 40.739614 -73.945151
19 0 10 2 16 0 1 40.679433 -74.007850
47 0 12 2 1 0 1 40.734312 -73.983725
19 0 10 2 15 0 1 40.676374 -74.003250
23 0 0 1 0 0 1 40.824686 -73.951947
24 0 2 5 0 6 1 40.692371 -73.937054
36 1 6 7 8 0 0 40.753702 -73.958652
27 0 4 3 7 3 1 40.751047 -73.937970
46 0 24 2 35 1 1 40.709267 -74.013247
21 0 10 4 10 3 1 40.742780 -73.862260
40 0 6 3 3 0 0 40.688626 -73.985191
21 0 6 2 3 0 1 40.666287 -73.988951
21 0 7 2 12 2 1 40.820713 -73.911759
25 0 6 4 6 0 1 40.712605 -73.962644
25 0 8 4 10 2 1 40.679331 -73.975195
43 0 5 2 3 0 1 40.735445 -73.994310
19 0 11 2 8 0 1 40.770888 -73.889914
19 0 7 1 7 1 1 40.806896 -73.911837
35 0 1 9 0 0 1 40.791956 -73.968087
21 0 5 4 3 4 1 40.737370 -73.918030
35 0 3 2 3 3 1 40.751870 -73.933493
25 0 4 2 5 3 1 40.757728 -73.916637
19 0 4 8 8 4 1 40.644540 -73.944860
29 0 14 3 10 1 1 40.715815 -73.994224
67 0 4 2 0 1 1 40.749640 -73.988050
26 0 10 6 9 0 1 40.763155 -73.939855
23 0 14 2 3 5 1 40.707174 -73.935810
25 1 5 4 3 8 0 40.680342 -73.955769
54 1 43 1 51 0 0 40.701405 -73.987680
23 0 2 2 1 2 1 40.838191 -73.936085
69 0 21 6 8 0 1 40.728547 -73.981759
79 0 6 2 3 3 1 40.744876 -73.995299
29 0 2 0 0 0 1 40.818990 -73.902020
56 0 5 5 5 8 1 40.745985 -73.986295
36 1 7 1 2 0 0 40.740983 -74.001702
48 1 6 19 17 23 0 40.763406 -73.977225
45 1 6 9 1 1 0 40.802692 -73.962950
19 0 1 5 1 7 1 40.880294 -73.886065
85 1 8 27 17 33 0 40.764555 -73.973473
33 0 0 0 0 0 1 40.779770 -73.923162
23 0 1 0 0 3 1 40.757550 -73.864540
30 0 4 4 6 8 1 40.668757 -73.966438
42 0 22 4 30 9 1 40.703172 -73.940636
45 1 3 9 0 0 0 40.782750 -73.971370
24 0 1 4 0 0 1 40.669178 -73.955416
23 0 6 2 5 2 1 40.752372 -73.925384
18 1 5 2 3 6 0 40.866590 -73.897940
20 1 2 0 0 3 0 40.864921 -73.902424
28 0 10 7 12 9 1 40.761380 -73.860350
20 0 7 0 10 0 1 40.815484 -73.935856
30 0 12 4 13 2 1 40.742810 -73.882960
24 1 14 1 13 0 0 40.816343 -73.896447
19 0 3 3 3 0 1 40.693398 -73.939877
29 1 6 1 1 2 0 40.813619 -73.939336
20 0 1 1 6 5 1 40.828950 -73.905210
23 0 7 2 0 0 1 40.834098 -73.948350
31 0 1 4 0 0 1 40.771639 -73.982614
31 1 8 1 2 0 0 40.736197 -74.008592
30 0 0 2 2 0 1 40.826969 -73.949738
20 0 3 5 1 4 1 40.686722 -73.938988
22 0 2 4 1 3 1 40.677600 -73.949630
21 1 1 5 0 11 0 40.870490 -73.902870
23 1 16 0 7 0 0 40.664030 -73.947690
19 0 9 1 6 0 1 40.847410 -73.911359
20 0 1 0 3 0 1 40.832314 -73.941020
19 0 1 2 2 7 1 40.856302 -73.907302
23 0 0 1 0 0 1 40.849640 -73.916121
20 0 6 0 8 1 1 40.814383 -73.915368
27 0 1 5 0 0 1 40.674012 -73.967146
19 0 6 1 13 1 1 40.696620 -73.900560
19 0 4 3 3 0 1 40.686768 -73.959282
20 1 1 2 1 0 0 40.666880 -73.942500
30 0 3 3 3 0 1 40.659945 -73.977504
21 1 5 2 4 0 0 40.670150 -73.925380
67 0 10 22 17 28 1 40.756951 -73.982631
19 0 2 3 4 0 1 40.697150 -73.893600
43 0 3 9 1 0 1 40.777480 -73.982886
23 0 5 2 2 0 1 40.748930 -73.899810
23 0 6 4 3 0 1 40.690893 -73.996123
27 0 11 1 8 0 1 40.684967 -73.986208
20 1 7 2 0 0 0 40.818212 -73.955277
23 1 1 7 2 10 0 40.879350 -73.885340
46 0 10 7 21 0 1 40.773142 -73.958562
32 0 10 4 6 0 1 40.690238 -73.992031
59 0 19 6 24 4 1 40.708066 -74.013560
21 0 7 3 1 5 1 40.760220 -73.877740
24 1 6 1 8 0 0 40.797521 -73.948940
23 0 5 2 4 2 1 40.757672 -73.907699
24 0 13 2 14 0 1 40.673740 -73.908520
21 0 9 3 3 0 1 40.705517 -73.939360
63 0 17 11 1 1 1 40.693631 -73.962236
52 0 4 4 1 0 1 40.770030 -73.981968
49 0 25 3 23 0 1 40.714190 -73.996730
25 0 10 9 10 9 1 40.880660 -73.900760
21 1 5 3 5 3 0 40.774798 -73.903787
31 0 10 6 12 8 1 40.654850 -73.962170
19 1 2 1 0 1 0 40.743340 -73.899030
30 0 2 5 0 0 1 40.673724 -73.963161
25 0 3 4 6 4 1 40.693560 -73.925240
21 1 14 3 12 3 0 40.761560 -73.881670
24 0 3 3 8 8 1 40.692000 -73.926170
20 0 11 2 10 6 1 40.863211 -73.920827
25 0 11 1 14 2 1 40.745805 -73.950752
34 0 15 4 13 1 1 40.811432 -73.951878
19 1 1 2 2 2 0 40.740347 -73.928861
25 0 5 3 1 1 0 40.679220 -73.921920
18 0 11 1 12 1 1 40.804168 -73.911545
19 1 14 1 15 0 0 40.844370 -73.877960
24 1 12 4 10 5 0 40.657070 -73.950050
54 1 7 2 2 0 0 40.761530 -73.990070
19 0 5 1 1 1 1 40.810224 -73.937195
20 0 1 2 0 0 1 40.831327 -73.946665
21 0 1 4 2 6 1 40.823429 -73.924689
49 0 12 1 15 0 1 40.750664 -74.001768
41 0 13 4 1 0 1 40.729708 -73.986598
23 0 5 1 1 0 1 40.699050 -73.915160
42 0 20 6 23 0 1 40.717400 -73.980166
19 1 9 3 9 3 0 40.768442 -73.893531
19 1 3 1 2 0 0 40.831305 -73.917448
31 1 17 2 17 0 0 40.766800 -73.934777
23 0 8 3 17 2 1 40.747086 -73.949772
19 0 2 8 5 6 1 40.793220 -73.923960
35 0 18 12 18 11 1 40.639978 -74.023240
54 0 19 2 2 0 1 40.731539 -73.985302
47 1 4 8 1 0 0 40.799041 -73.966495
18 0 4 2 1 0 1 40.684880 -73.963040
25 0 7 2 9 0 1 40.750098 -73.913497
19 1 1 3 2 0 0 40.824796 -73.902420
21 0 14 1 16 0 1 40.834060 -73.922430
43 0 2 1 1 0 0 40.754623 -73.995168
31 0 7 6 14 0 1 40.683239 -73.965996
53 0 7 13 3 0 1 40.792495 -73.964171
57 0 16 3 15 1 1 40.730477 -73.999061
22 0 4 1 3 0 1 40.846011 -73.919637
48 0 13 3 7 0 1 40.724790 -73.984301
35 1 5 1 7 1 0 40.736245 -73.984738
43 1 13 8 6 6 0 40.747310 -73.954510
20 0 3 1 1 0 1 40.679720 -73.934670
63 0 4 13 5 17 0 40.761865 -73.977242
23 0 16 2 7 1 1 40.677775 -74.009461
18 0 3 2 3 1 1 40.684580 -73.909250
38 1 7 1 3 0 0 40.724129 -73.979013
19 0 13 2 15 2 1 40.646720 -73.966370
28 0 3 6 7 0 1 40.773763 -73.962221
25 1 6 5 2 9 0 40.701060 -73.933180
19 0 8 1 7 1 1 40.719880 -73.905560
27 0 8 4 9 3 1 40.775186 -73.944461
22 0 1 3 0 1 1 40.850890 -73.887930
19 0 1 1 2 0 1 40.835877 -73.893143
39 1 18 7 24 8 0 40.701403 -73.986727
31 0 17 3 22 4 0 40.744907 -73.953457
19 0 4 6 2 6 0 40.839586 -73.900277
23 0 9 0 2 0 1 40.695807 -73.973556
35 0 27 2 28 2 1 40.680213 -73.984327
19 0 0 2 0 0 1 40.878690 -73.898620
29 1 3 4 0 1 0 40.693290 -73.928520
45 0 19 2 36 0 1 40.703782 -73.990734
25 0 2 3 0 0 1 40.671198 -73.974841
63 1 43 6 44 1 0 40.717798 -73.993161
20 1 3 2 0 3 0 40.701130 -73.914220
23 1 0 3 0 11 0 40.857158 -73.927174
19 0 10 1 10 0 1 40.855653 -73.905528
31 0 23 0 24 0 1 40.676757 -73.983262
30 0 6 9 0 0 1 40.722260 -73.938890
19 0 12 1 13 0 1 40.823884 -73.897403
78 0 3 3 1 0 1 40.749013 -73.988484
39 0 13 14 20 9 1 40.792255 -73.952499
80 1 5 2 2 0 0 40.741459 -73.983293
33 1 8 3 7 0 0 40.772461 -73.946821
24 1 3 3 1 1 0 40.668460 -73.928200
36 0 9 9 7 0 1 40.708704 -73.944862
30 0 12 9 5 18 1 40.746120 -73.852720
62 0 15 4 9 0 1 40.691966 -73.981302
23 0 10 0 10 0 1 40.680057 -73.991753
25 0 10 6 14 0 1 40.768728 -73.890745
23 0 1 1 1 0 1 40.830663 -73.941323
21 0 2 2 1 0 0 40.666390 -73.953460
27 1 5 3 4 3 0 40.680011 -73.938475
57 0 7 2 4 0 1 40.741724 -73.978093
27 0 6 2 7 0 1 40.761080 -73.930562
23 0 7 8 9 10 1 40.878070 -73.907960
29 1 17 2 20 1 0 40.795412 -73.944123
25 1 9 2 10 5 0 40.844670 -73.885070
27 0 2 4 0 3 1 40.668674 -73.961815
21 0 6 2 8 0 1 40.847490 -73.894640
27 0 4 3 4 7 1 40.700670 -73.899070
36 0 7 5 21 8 1 40.743101 -73.854669
27 0 10 2 3 0 1 40.678970 -73.978553
48 0 10 4 6 5 1 40.692216 -73.984284
19 1 1 2 0 3 0 40.667941 -73.958800
25 0 4 2 0 2 1 40.679550 -73.947090
24 0 0 0 0 0 1 40.748880 -73.873680
19 0 5 2 5 4 1 40.814046 -73.911860
47 0 30 6 27 3 1 40.714731 -73.966612
19 1 3 3 3 5 0 40.684870 -73.929300
79 1 9 2 9 0 0 40.739126 -73.979738
15 0 1 1 1 0 1 40.704970 -73.899650
25 1 3 10 2 7 0 40.677615 -73.973243
47 0 8 2 11 2 1 40.737950 -73.985090
30 0 2 4 0 0 1 40.705750 -73.896760
21 0 2 0 1 0 1 40.752300 -73.880930
19 1 1 5 2 0 0 40.870020 -73.885650
19 0 3 5 2 9 1 40.740214 -73.935370
33 0 6 1 0 0 1 40.747968 -73.996637
30 0 0 3 1 10 1 40.852252 -73.937854
19 0 11 2 8 0 1 40.659555 -73.995068
36 1 15 4 15 2 0 40.799484 -73.955613
49 0 7 13 10 0 1 40.694271 -73.992327
20 0 2 2 4 2 1 40.842340 -73.894090
25 0 15 4 18 6 1 40.737610 -73.859590
25 0 8 5 13 0 1 40.682800 -73.999904
21 1 1 2 4 6 0 40.858340 -73.906260
19 0 7 1 3 0 1 40.812735 -73.923697
31 0 19 2 24 0 1 40.829230 -73.936996
27 0 21 1 24 0 1 40.659176 -74.006584
44 0 7 1 1 0 1 40.742388 -73.997262
25 0 18 1 18 0 1 40.753091 -73.920603
19 0 8 3 5 3 1 40.693317 -73.953820
25 0 2 1 0 0 1 40.753740 -73.886040
32 1 9 8 9 14 0 40.712477 -73.941000
22 1 4 4 6 1 0 40.680780 -73.946130
29 1 11 2 17 2 0 40.642809 -73.979239
23 0 4 5 4 7 1 40.816576 -73.927987
68 0 34 11 53 13 0 40.704718 -74.009260
52 0 10 4 6 0 1 40.695977 -73.990149
23 1 2 3 6 5 0 40.767666 -73.910963
29 0 18 0 19 1 1 40.692317 -74.014866
23 1 16 0 17 0 0 40.665507 -73.993037
42 0 12 0 8 2 1 40.687066 -74.016756
19 0 4 1 6 0 1 40.756351 -73.936515
23 1 6 3 2 0 0 40.688655 -73.955156
21 0 4 1 0 0 1 40.765835 -73.926547
66 0 45 2 45 0 1 40.718939 -73.992663
21 0 10 3 12 0 1 40.770280 -73.893675
19 0 6 0 4 0 1 40.695734 -73.971297
54 0 40 3 52 0 0 40.724055 -73.955736
39 0 19 9 20 17 1 40.748036 -73.946705
19 0 12 2 11 6 1 40.764280 -73.891560
36 0 15 6 9 0 1 40.763909 -73.947721
27 1 11 2 8 0 0 40.804372 -73.951475
19 0 4 1 5 0 1 40.690648 -73.957462
21 0 10 2 8 1 1 40.776165 -73.915318
27 0 4 4 5 2 1 40.668127 -73.983776
81 0 8 37 13 51 1 40.760660 -73.980420
47 1 4 1 0 1 0 40.740564 -73.998526
22 0 10 4 13 0 1 40.866141 -73.922648
30 0 17 3 17 1 1 40.840484 -73.917946
30 1 13 5 17 1 0 40.651847 -73.965248
21 0 9 3 12 0 1 40.639660 -73.968070
80 0 41 2 40 0 1 40.731270 -73.988490
27 1 23 0 20 1 0 40.646377 -74.023087
81 0 25 17 35 0 1 40.715119 -73.984171
19 0 7 2 11 2 1 40.872412 -73.912807
27 0 7 1 13 1 0 40.753441 -73.912402
84 0 17 1 0 0 1 40.743453 -74.000040
24 0 9 5 1 0 0 40.690434 -73.903737
30 0 12 5 6 17 1 40.700990 -73.939210
27 0 19 2 20 3 1 40.743000 -73.935610
23 0 6 4 7 1 1 40.847305 -73.933291
48 0 3 19 0 0 1 40.788221 -73.970416
63 0 20 3 14 0 0 40.730386 -74.002150
23 0 7 7 3 0 1 40.727434 -73.993790
24 0 0 2 1 0 1 40.855010 -73.910751
19 0 2 3 0 0 1 40.688231 -73.966804
21 1 6 5 3 9 0 40.873055 -73.918372
30 1 24 0 26 1 0 40.830940 -73.911250
25 0 1 8 3 10 1 40.658029 -73.989605
25 0 3 2 0 0 1 40.699430 -73.913370
15 0 2 3 1 2 1 40.698800 -73.900700
55 1 16 9 18 4 0 40.720828 -73.977932
20 0 4 7 2 14 1 40.761340 -73.866660
19 0 2 2 1 0 1 40.693115 -73.943149
17 0 6 1 14 0 1 40.808484 -73.928803
66 0 7 6 10 5 0 40.745260 -73.990620
27 0 4 4 8 0 1 40.697842 -73.926241
20 0 3 3 3 5 1 40.689730 -73.933530
39 0 1 7 0 0 1 40.672968 -73.970880
21 1 3 1 5 1 0 40.746190 -73.871930
55 0 4 16 0 0 1 40.779668 -73.980930
25 0 2 0 4 1 1 40.745860 -73.885390
79 1 29 9 41 0 0 40.720664 -73.985180
30 1 15 2 6 0 0 40.698568 -73.918877
57 0 11 12 0 0 1 40.723250 -73.943080
27 0 12 2 13 5 0 40.754164 -73.908906
51 0 22 9 33 1 1 40.718170 -73.955201
15 0 0 2 2 3 1 40.806758 -73.960708
24 0 4 3 5 5 1 40.680120 -73.953620
26 0 18 2 23 0 1 40.671409 -74.001328
35 0 9 4 10 0 1 40.735217 -73.954926
19 0 6 3 10 1 0 40.746538 -73.932158
102 0 18 5 16 4 1 40.753231 -73.970325
27 0 8 2 13 0 1 40.771361 -73.924615
21 0 2 2 2 1 1 40.677170 -73.922850
25 0 18 0 23 1 1 40.668546 -73.993333
53 0 39 0 42 0 1 40.696089 -73.978034
21 0 3 4 9 0 1 40.703890 -73.891160
23 0 17 1 21 0 1 40.656330 -73.936480
19 0 2 0 7 0 1 40.742800 -73.895840
20 1 8 2 6 0 0 40.727950 -73.954140
24 0 9 2 12 0 1 40.678184 -74.017017
49 0 3 15 2 17 1 40.752643 -73.974996
22 0 11 2 7 2 1 40.752570 -73.895380
21 1 7 3 6 4 0 40.690550 -73.911810
30 0 1 6 1 1 1 40.682810 -73.906230
35 0 15 1 5 1 1 40.724055 -74.009660
19 1 5 1 7 0 0 40.664323 -73.959218
111 1 9 45 8 50 0 40.755103 -73.974987
15 0 2 5 0 3 1 40.695170 -73.903110
33 0 6 3 8 17 1 40.748500 -73.941275
24 1 14 1 17 3 0 40.672603 -73.989830
19 0 5 1 0 0 0 40.766640 -73.928660
21 0 1 7 0 0 0 40.774667 -73.984706
24 0 1 3 7 4 0 40.648169 -74.000057
23 1 1 2 4 0 0 40.839443 -73.937044
51 0 34 6 37 0 0 40.719786 -73.978716
24 0 15 4 12 2 0 40.714290 -73.933230
19 0 9 0 8 0 0 40.845520 -73.917220
24 1 3 3 2 0 0 40.695357 -73.993440
22 0 8 8 9 6 0 40.646210 -73.930670
20 0 12 0 14 1 0 40.647718 -73.973663
37 0 12 3 17 1 0 40.654820 -73.973217
19 0 3 3 4 3 0 40.686203 -73.944694
22 1 4 2 3 4 0 40.748640 -73.876190
21 1 1 4 3 13 0 40.853188 -73.927158
39 1 3 9 6 8 0 40.699997 -73.974401
24 0 0 6 2 3 0 40.822545 -73.901824
63 1 8 11 14 10 0 40.749499 -73.977292
21 0 2 3 7 0 0 40.713010 -73.909680
51 0 10 8 0 0 0 40.691960 -73.965369
19 1 4 1 0 0 0 40.839335 -73.886445
19 1 11 2 11 4 0 40.722490 -73.908540
21 0 0 1 1 2 0 40.836706 -73.926089
31 0 8 3 11 7 0 40.755763 -73.912715
25 1 13 6 5 17 0 40.645070 -73.948800
20 0 10 1 7 0 0 40.687632 -74.001626
30 0 16 6 6 10 0 40.881850 -73.902910
111 0 29 11 42 9 0 40.712547 -74.011131
19 1 7 3 0 0 0 40.778718 -73.914564
19 0 4 3 6 0 0 40.769219 -73.901001
19 1 2 1 0 2 0 40.757631 -73.939122
56 0 11 9 16 0 0 40.752694 -74.002353
27 0 1 3 1 0 0 40.840040 -73.942939
25 0 0 2 0 3 0 40.862950 -73.907410
25 1 8 3 16 1 0 40.841880 -73.885500
41 1 5 3 10 1 0 40.663657 -73.963014
22 0 14 2 10 4 0 40.649292 -74.020105
55 0 4 5 10 0 0 40.745712 -73.981948
49 0 8 19 13 28 0 40.760958 -73.967245
23 0 8 4 4 7 0 40.695270 -73.952381
24 0 8 2 12 0 0 40.702461 -73.986842
19 0 3 2 0 1 0 40.713340 -73.915720
39 0 4 2 0 0 0 40.762699 -73.993012
25 0 10 3 12 0 0 40.651160 -73.945770
19 1 8 2 11 3 0 40.681212 -74.008609
19 1 2 4 0 4 0 40.710320 -73.899550
24 0 6 6 12 7 0 40.865364 -73.927910
19 0 2 4 0 0 0 40.743640 -73.886220
20 0 5 1 8 0 0 40.831762 -73.896853
29 0 16 3 7 0 0 40.679450 -73.904740
25 0 15 1 19 0 0 40.668603 -73.990439
93 0 61 11 53 19 0 40.703367 -74.007868
78 0 13 7 27 2 0 40.737006 -73.990134
21 0 4 11 6 0 0 40.736760 -73.873180
17 1 2 4 2 1 0 40.700680 -73.907420
31 0 14 2 10 0 0 40.801194 -73.950074
30 0 9 10 10 2 0 40.715143 -73.944507
24 0 13 4 16 5 0 40.647250 -73.943520
21 0 15 1 18 3 0 40.758400 -73.895310
66 1 14 2 1 0 0 40.744751 -73.999154
19 0 2 1 3 2 0 40.829896 -73.907618
19 0 5 2 6 0 0 40.741790 -73.895640
43 0 22 8 7 0 0 40.719156 -73.948854
32 0 12 8 5 11 0 40.868140 -73.881450
93 0 4 23 4 24 0 40.752062 -73.981632
23 0 18 0 18 0 0 40.854550 -73.895070
21 0 6 8 2 15 0 40.760860 -73.873080
39 0 8 6 6 0 0 40.778301 -73.948813
33 1 11 4 11 5 0 40.680945 -73.975673
47 0 9 4 0 0 0 40.772838 -73.949892
74 0 22 9 11 0 0 40.732916 -74.007114
19 0 6 2 6 1 0 40.759580 -73.882190
23 1 17 2 15 3 0 40.765740 -73.870120
29 0 3 11 2 1 0 40.675147 -73.975232
63 0 5 19 16 11 0 40.765005 -73.958185
19 0 4 3 7 3 0 40.805631 -73.934077
22 0 9 0 6 0 0 40.750480 -73.905130
22 0 2 2 1 2 0 40.757480 -73.868430
66 1 24 6 24 6 0 40.727464 -73.979504
31 0 6 1 5 0 0 40.823732 -73.919379
59 0 8 4 1 0 0 40.793135 -73.977004
35 0 4 3 3 0 0 40.773914 -73.954395
39 0 9 6 1 0 0 40.688515 -73.964763
31 0 2 5 0 0 0 40.802117 -73.968181
33 0 22 1 4 0 0 40.697926 -73.976630
66 0 29 4 4 0 0 40.689170 -73.988600
54 0 44 2 48 5 0 40.701334 -73.984712
20 0 1 10 3 5 0 40.714420 -73.900970
21 0 9 4 16 0 0 40.643817 -73.977433
25 0 1 5 5 0 0 40.670770 -73.950700
30 0 0 1 0 0 0 40.834263 -73.917641
18 0 5 4 5 9 0 40.692960 -73.916050
17 0 7 3 3 4 0 40.708690 -73.925870
27 1 9 1 9 0 0 40.823061 -73.941928
32 0 2 1 1 0 0 40.754145 -73.996089
56 1 1 18 0 1 0 40.753547 -73.978966
22 1 2 6 3 0 0 40.676210 -73.903510
48 1 1 9 1 2 0 40.842102 -73.942240
19 1 0 4 4 5 0 40.759960 -73.862240
19 0 8 4 2 5 0 40.646610 -73.954010
25 0 4 1 3 2 0 40.752443 -73.929737
22 0 8 4 15 0 0 40.638566 -74.010147
27 0 7 6 12 7 0 40.818154 -73.925294
19 1 13 1 15 3 0 40.733940 -73.901280
37 0 11 1 10 0 0 40.700300 -73.991581
25 0 1 0 0 0 0 40.751790 -73.885680
20 0 13 1 11 1 0 40.657940 -73.947350
20 0 3 2 0 0 0 40.742900 -73.913950
43 0 5 14 1 0 0 40.775744 -73.956375
40 0 20 1 25 0 0 40.710700 -74.003541
53 0 28 6 40 8 0 40.705310 -74.006130
21 0 4 1 2 0 0 40.750181 -73.919998
66 0 7 3 5 0 0 40.749653 -73.995208
79 0 46 4 26 1 0 40.719392 -74.002472
61 1 20 19 53 5 0 40.715030 -74.012460
20 0 14 1 12 0 0 40.662564 -73.945565
25 0 10 0 15 2 0 40.750980 -73.907990
35 0 14 3 19 1 0 40.710888 -73.968329
33 0 11 2 14 0 0 40.759107 -73.959223
25 0 5 2 6 0 0 40.758058 -73.924275
23 0 6 3 8 0 0 40.653780 -73.952730
47 0 10 4 13 1 0 40.756765 -73.999714
17 0 0 5 4 4 0 40.709697 -73.907856
34 1 2 6 0 0 0 40.778131 -73.960694
37 0 11 5 25 5 0 40.712912 -74.010202
21 0 9 5 11 8 0 40.717980 -73.918180
34 0 0 0 6 2 0 40.682564 -73.979898
19 0 12 0 8 0 0 40.865570 -73.888070
24 0 14 1 12 0 0 40.806414 -73.936085
51 0 3 9 3 3 0 40.766368 -73.971518
19 0 15 1 16 0 0 40.873265 -73.906646
35 1 1 11 0 0 0 40.800836 -73.966449
77 0 6 18 15 16 0 40.763189 -73.978434
19 0 3 1 0 0 0 40.679230 -73.925880
25 0 4 6 3 4 0 40.674120 -73.944470
33 0 3 6 2 1 0 40.772828 -73.966853
21 0 4 3 7 0 0 40.681580 -73.919590
79 0 10 10 21 8 0 40.759345 -73.967597
55 1 12 5 1 3 0 40.767272 -73.993929
27 0 14 3 8 7 0 40.812551 -73.949229
117 0 78 13 65 6 0 40.716060 -73.991910
85 0 27 15 43 0 0 40.722174 -73.983688
114 1 18 9 18 1 0 40.734546 -73.990741
19 0 7 2 9 0 0 40.853827 -73.920765
21 0 5 6 12 1 0 40.643546 -73.986418
27 0 11 5 5 9 0 40.701666 -73.943730
29 1 3 5 4 0 0 40.675832 -73.956168
19 0 2 2 1 0 0 40.737872 -73.922641
19 0 0 6 2 7 0 40.640831 -74.010996
84 0 6 10 0 0 0 40.749156 -73.991600
81 0 6 17 5 4 0 40.766741 -73.979069
45 0 12 3 1 0 0 40.736000 -73.976050
39 0 16 6 14 9 0 40.781721 -73.945940
21 0 4 1 12 0 0 40.817166 -73.914737
45 1 14 5 32 4 0 40.721700 -74.002381
39 0 16 6 22 0 0 40.723180 -73.994800
101 0 9 5 4 0 0 40.746201 -73.988557
63 0 23 21 41 12 0 40.726156 -73.995102
27 0 8 2 9 0 0 40.736502 -73.978095
27 1 3 4 0 1 0 40.682166 -73.953990
22 0 15 1 20 0 0 40.662686 -73.931755
21 1 5 5 2 5 0 40.682369 -73.944118
61 1 22 7 37 3 0 40.728401 -73.999688
35 0 20 3 21 0 0 40.709918 -73.991611
30 0 4 3 2 1 0 40.823168 -73.955857
21 0 12 0 12 0 0 40.824811 -73.916407
23 0 7 4 3 0 0 40.699304 -73.923044
24 0 5 13 1 17 0 40.766190 -73.875610
35 0 3 15 6 21 0 40.783502 -73.955327
19 0 5 0 3 0 0 40.748910 -73.908990
37 1 9 10 6 12 0 40.767549 -73.920933
55 0 4 16 5 13 0 40.754920 -73.984550
28 1 0 0 0 0 0 40.854788 -73.929513
3 1 0 0 0 0 0 40.812769 -73.901583
22 0 5 2 9 3 0 40.653200 -73.966390
21 0 1 1 1 3 0 40.864480 -73.895220
20 0 0 2 0 0 0 40.752430 -73.867170
24 0 7 6 11 4 0 40.665910 -73.926020
21 0 11 1 14 1 0 40.834857 -73.903743
19 0 11 3 12 1 0 40.739370 -73.874110
21 0 14 2 12 3 0 40.722350 -73.912150
19 1 2 2 0 0 0 40.693000 -73.908240
19 0 1 5 0 0 0 40.702290 -73.901450
22 0 1 1 0 0 0 40.866005 -73.904255
30 0 2 9 5 16 0 40.640125 -74.015726
23 0 2 2 1 0 0 40.842173 -73.935111
69 0 22 10 55 2 0 40.717599 -74.015880
29 0 4 2 1 0 0 40.766697 -73.990617
27 0 4 1 4 5 0 40.767100 -73.916986
30 0 19 5 22 6 0 40.733030 -73.871000
20 0 7 2 10 1 0 40.740960 -73.853570
19 0 2 4 5 2 0 40.858904 -73.923094
20 0 14 2 18 0 0 40.739160 -73.852600
25 1 0 2 0 6 0 40.867670 -73.892860
23 1 17 1 17 2 0 40.649143 -74.012384
25 0 6 1 11 3 0 40.753880 -73.914952
25 0 3 16 4 17 0 40.768940 -73.868320
25 0 6 7 5 7 0 40.639673 -74.008957
39 1 23 3 18 3 0 40.818299 -73.960405
24 0 4 5 4 15 0 40.691993 -73.932550
20 0 3 1 0 0 0 40.832171 -73.889686
31 1 2 5 5 8 0 40.671649 -73.963115
33 0 15 5 18 0 0 40.716226 -73.982612
33 0 20 3 14 0 0 40.729060 -73.957790
59 0 13 7 11 0 0 40.798186 -73.960591
18 0 3 1 5 0 0 40.691283 -73.945242
23 1 16 1 19 1 0 40.702753 -73.953168
33 0 8 4 2 1 0 40.757170 -73.921750
23 0 2 1 7 0 0 40.755020 -73.872850
19 0 12 1 16 3 0 40.760130 -73.897410
45 0 11 4 12 1 0 40.761227 -73.960940
22 0 6 5 7 6 0 40.703545 -73.917775
27 1 13 3 14 0 0 40.711731 -73.991930
19 0 0 0 0 4 0 40.835798 -73.937496
26 0 13 4 20 2 0 40.794566 -73.936254
30 0 8 15 6 20 0 40.635560 -74.012980
57 0 3 5 0 3 0 40.751726 -73.987535
33 0 11 5 10 0 0 40.708771 -73.950953
23 0 5 8 12 6 0 40.794990 -73.933330
43 0 6 2 2 0 0 40.750073 -73.998393
23 0 7 2 14 1 0 40.824000 -73.910890
19 0 8 3 0 1 0 40.761438 -73.941126
22 0 2 2 7 5 0 40.675240 -73.935960
22 0 15 3 18 2 0 40.737160 -73.866250
24 1 1 17 2 19 0 40.712300 -73.893970
21 1 12 3 17 1 0 40.744190 -73.861900
24 0 1 1 1 0 0 40.837576 -73.910489
31 0 14 3 22 1 0 40.686371 -73.993833
24 0 3 2 0 2 0 40.746945 -73.896503
20 0 1 3 0 0 0 40.881110 -73.896500
49 0 25 5 33 1 0 40.720540 -73.959000
84 0 31 14 37 1 0 40.720874 -73.980858
27 0 22 1 23 0 0 40.663430 -73.934720
23 1 8 1 7 0 0 40.811112 -73.914932
28 0 1 1 2 2 0 40.849955 -73.905943
20 0 1 1 0 0 0 40.871445 -73.892896
19 1 1 2 3 6 0 40.856708 -73.902653
39 0 2 5 6 0 0 40.767801 -73.965921
21 0 11 0 14 0 0 40.832630 -73.925101
22 1 5 2 7 0 0 40.756400 -73.875040
22 0 0 3 2 2 0 40.671280 -73.928250
43 1 11 2 2 0 0 40.733320 -73.995101
20 0 8 3 11 3 0 40.758960 -73.869760
22 0 2 3 3 0 0 40.675600 -73.941500
34 1 16 4 16 9 0 40.745627 -73.945661
26 1 0 3 0 2 0 40.873820 -73.886610
23 1 1 3 4 2 0 40.819701 -73.901311
21 0 12 4 10 6 0 40.742400 -73.872510
25 0 14 3 21 1 0 40.738020 -73.861030
24 1 1 1 1 0 0 40.840494 -73.911479
21 1 2 1 8 0 0 40.866899 -73.901942
19 0 11 2 16 1 0 40.756750 -73.895950
22 0 4 2 0 0 0 40.756010 -73.882660
19 1 6 3 11 4 0 40.743752 -73.941765
29 0 6 2 11 0 0 40.695450 -73.911640
39 0 19 5 18 15 0 40.864632 -73.918598
27 1 20 0 22 1 0 40.821967 -73.896752
19 0 13 0 16 0 0 40.828975 -73.911259
15 0 5 1 3 0 0 40.719261 -73.981780
53 0 14 4 17 0 0 40.735918 -74.000939
28 0 7 13 2 15 0 40.647950 -73.931820
22 0 5 1 2 0 0 40.825125 -73.941616
20 0 13 1 13 0 0 40.745800 -73.859450
19 0 14 0 15 0 0 40.761090 -73.886320
27 0 4 7 6 6 0 40.709800 -73.917270
20 0 5 4 3 0 0 40.682730 -73.929260
21 0 13 2 11 1 0 40.672672 -74.008795
41 1 3 20 8 27 0 40.787801 -73.953559
19 0 8 4 11 5 0 40.699569 -73.979827
18 0 6 2 6 0 0 40.825289 -73.936232
19 0 0 4 0 4 0 40.706940 -73.906320
21 0 7 2 13 0 0 40.757525 -73.901614
45 0 15 5 15 0 0 40.734980 -74.006970
31 0 9 4 21 0 0 40.738095 -73.954867
23 0 2 5 0 7 0 40.688340 -73.933060
20 1 4 6 5 6 0 40.745010 -73.903600
18 1 3 4 2 5 0 40.690400 -73.927700
19 0 8 5 7 7 0 40.639859 -74.019776
30 1 9 5 2 4 0 40.747100 -73.902800
21 1 5 7 0 19 0 40.735659 -73.934788
27 0 6 2 8 2 0 40.740288 -73.960697
24 0 2 4 7 3 0 40.744080 -73.929010
31 0 6 3 0 0 0 40.687534 -73.972652
26 0 1 4 1 0 0 40.834468 -73.939865
23 1 13 2 17 0 0 40.867000 -73.885776
27 0 10 1 15 0 0 40.682915 -73.993182
20 0 11 2 20 0 0 40.731240 -73.951610
32 1 4 19 2 25 0 40.742930 -73.952037
30 1 12 3 4 5 0 40.714133 -73.952344
19 1 7 1 8 1 0 40.867357 -73.929360
19 0 7 4 0 4 0 40.693380 -73.900610
20 1 13 1 18 1 0 40.830128 -73.886302
19 1 0 14 0 13 0 40.876550 -73.909410
49 1 9 2 1 1 0 40.737169 -73.981225
31 0 3 1 0 1 0 40.760193 -73.991255
20 1 2 4 1 4 0 40.674040 -73.927720
21 0 12 1 13 0 0 40.669920 -73.920020
21 0 14 1 8 1 0 40.657700 -73.939800
27 0 1 3 1 0 0 40.669670 -73.950300
21 0 3 3 5 11 0 40.751650 -73.859150
15 1 3 1 0 1 0 40.770374 -73.928608
38 1 8 11 21 2 0 40.741444 -73.975361
22 0 3 4 4 4 0 40.755840 -73.866210
19 0 2 1 7 2 0 40.670950 -73.922220
23 0 11 2 18 1 0 40.661310 -73.960910
23 0 17 1 19 0 0 40.661040 -73.947950
29 0 4 3 2 2 0 40.720195 -74.010301
38 0 4 3 8 7 0 40.752149 -73.989539
38 1 12 5 20 0 0 40.683116 -73.997853
41 1 14 2 8 0 0 40.727243 -73.976831
27 0 13 1 19 0 0 40.681990 -73.990790
59 0 29 2 25 0 0 40.732759 -73.995817
28 0 8 2 2 0 0 40.687372 -73.981761
31 0 9 1 12 2 0 40.700295 -73.950323
35 0 7 12 11 16 0 40.641269 -74.017651
37 0 17 3 1 0 0 40.704697 -74.008034
19 0 6 2 5 4 0 40.694670 -73.906630
69 0 39 15 39 28 0 40.701907 -74.013942
80 0 28 13 45 5 0 40.728846 -74.008591
37 1 4 8 3 10 0 40.755210 -73.846720
20 0 9 3 11 6 0 40.862638 -73.920060
57 1 29 5 30 2 0 40.731911 -74.008769
19 0 16 0 19 0 0 40.661550 -73.939740
30 0 22 2 20 2 0 40.654144 -74.004220
19 0 4 2 12 0 0 40.808891 -73.910810
19 0 5 8 8 7 0 40.650000 -73.932960
63 0 26 10 30 10 0 40.722310 -74.010600
23 0 0 1 2 1 0 40.753010 -73.872660
25 0 5 4 12 2 0 40.651270 -73.938180
27 0 16 1 11 5 0 40.823872 -73.908699
20 0 4 4 7 10 0 40.700760 -73.936410
24 1 15 2 15 1 0 40.660079 -73.998633
80 0 12 26 20 41 0 40.755942 -74.002116
19 0 4 2 6 0 0 40.686090 -73.926280
21 0 1 5 2 6 0 40.645921 -74.005708
40 0 5 6 1 0 0 40.795590 -73.961884
52 0 8 7 1 1 0 40.770956 -73.953562
25 0 3 2 2 0 0 40.696710 -73.928070
19 0 11 3 13 1 0 40.768300 -73.873310
21 0 6 4 10 3 0 40.672510 -73.936420
25 1 8 2 9 0 0 40.655500 -73.949750
31 0 10 7 3 1 0 40.725320 -73.936800
46 0 23 1 23 2 0 40.697787 -73.973736
23 1 4 1 3 0 0 40.753599 -73.937956
25 0 17 1 18 0 0 40.640340 -73.966030
19 1 5 3 6 0 0 40.811314 -73.907729
59 0 26 5 4 1 0 40.691036 -73.992011
19 0 11 0 11 0 0 40.830529 -73.894717
22 1 11 3 14 0 0 40.653368 -73.976291
36 0 4 13 2 15 0 40.699871 -73.911719
75 0 30 8 13 1 0 40.723356 -73.988650
31 1 8 7 3 7 0 40.755733 -73.923661
19 0 4 1 7 0 0 40.681430 -73.925650
25 0 1 3 2 0 0 40.884350 -73.887810
69 0 33 8 21 0 0 40.727379 -73.988408
19 0 5 2 8 0 0 40.805701 -73.925177
39 1 6 1 0 0 0 40.745911 -73.998071
30 0 12 3 17 8 0 40.785920 -73.948603
19 0 3 2 3 0 0 40.742156 -73.926626
21 0 14 2 15 4 0 40.800933 -73.913863
29 0 2 2 1 4 0 40.858472 -73.902660
26 0 1 1 0 4 0 40.855910 -73.900510
23 0 5 4 3 3 0 40.690725 -73.951335
21 0 7 3 8 3 0 40.665980 -73.928400
19 0 1 3 1 3 0 40.711070 -73.903000
33 0 4 4 6 2 0 40.746650 -73.993920
21 0 8 4 12 0 0 40.647960 -73.955600
18 0 6 0 10 2 0 40.754730 -73.891800
19 1 7 3 6 2 0 40.747148 -73.929024
81 0 34 11 53 2 0 40.741982 -74.008316
19 1 6 1 9 0 0 40.757930 -73.884010
21 0 3 6 4 4 0 40.668520 -73.919080
45 0 14 5 16 2 0 40.709957 -74.016538
21 0 16 2 15 4 0 40.717909 -73.908454
37 0 4 18 4 25 0 40.757334 -73.974235
21 1 0 2 0 0 0 40.744620 -73.911430
73 0 8 4 3 3 0 40.736592 -73.992949
19 0 1 1 2 7 0 40.802620 -73.917400
35 0 5 20 5 7 0 40.886300 -73.899700
20 0 2 4 2 5 0 40.704080 -73.904080
39 0 16 3 7 0 0 40.805159 -73.954692
19 0 11 2 12 4 0 40.766460 -73.886740
25 1 2 3 4 5 0 40.765625 -73.913669
22 0 2 3 1 0 0 40.671130 -73.942220
20 0 1 1 2 0 0 40.705530 -73.909600
21 0 5 3 13 0 0 40.765900 -73.930819
26 0 3 4 6 8 0 40.852253 -73.931308
84 0 36 3 7 1 0 40.743174 -74.003664
53 0 37 1 11 0 0 40.698477 -73.983840
22 1 2 1 6 0 0 40.750000 -73.880620
21 0 5 3 5 7 0 40.756933 -73.926223
22 1 10 5 14 3 0 40.646037 -73.980963
40 0 22 4 36 0 0 40.729840 -73.948390
35 0 21 2 17 0 0 40.810000 -73.955151
25 1 3 4 13 1 0 40.705550 -73.902450
23 0 14 1 11 1 0 40.756960 -73.856120
37 0 2 7 4 3 0 40.768009 -73.968453
69 1 23 8 8 0 0 40.727791 -73.985649
23 0 4 3 4 3 0 40.812299 -73.920370
35 0 20 4 18 10 0 40.817340 -73.922962
79 0 31 7 39 0 0 40.735354 -74.004831
49 0 19 5 35 0 0 40.723117 -73.952123
20 0 6 2 10 0 0 40.656860 -73.953310
20 0 2 3 5 0 0 40.680180 -73.911360
39 0 3 10 0 0 0 40.785247 -73.976673
87 0 39 9 40 0 0 40.732139 -74.003638
43 0 5 6 2 0 0 40.697601 -73.993446
19 0 14 1 18 0 0 40.762050 -73.895000
19 0 4 6 4 7 0 40.817755 -73.929650
20 0 12 2 12 3 0 40.739210 -73.868870
23 1 10 1 9 0 0 40.661270 -73.953520
55 0 10 6 23 1 0 40.768762 -73.958408
24 1 4 1 2 0 0 40.765753 -73.906760
19 0 10 1 9 2 0 40.822351 -73.926907
18 1 0 2 2 3 0 40.858498 -73.896370
27 0 8 3 1 0 0 40.690894 -73.955195
23 0 5 3 4 1 0 40.727714 -74.011296
25 0 1 4 0 2 0 40.665147 -73.976376
20 0 3 1 4 0 0 40.749440 -73.857920
47 0 5 6 3 0 0 40.789622 -73.977570
19 1 5 1 5 0 0 40.662706 -73.956912
27 0 16 3 14 0 0 40.729039 -73.994046
68 0 28 11 35 4 0 40.723077 -73.985836
22 0 7 3 10 0 0 40.812346 -73.946168
25 0 6 2 5 0 0 40.711674 -73.951413
57 0 21 6 35 0 0 40.742754 -74.007474
21 0 12 3 15 2 0 40.850790 -73.889450
25 1 6 1 2 0 0 40.822810 -73.937413
39 0 4 4 9 0 0 40.751184 -73.971387
18 1 7 3 12 2 0 40.717730 -73.940510
19 1 14 1 12 2 0 40.657743 -74.001141
29 0 15 2 23 2 0 40.777112 -73.902382
18 1 8 0 6 1 0 40.750016 -73.915409
115 0 62 18 86 16 0 40.717548 -74.013221
19 0 3 1 1 1 0 40.681466 -73.914157
23 0 11 2 13 3 0 40.673190 -73.910830
19 0 4 3 2 1 0 40.702040 -73.892880
23 1 10 5 8 4 0 40.705833 -73.946446
35 1 4 2 10 4 0 40.753260 -73.943358
21 0 6 1 8 0 0 40.812191 -73.937838
21 0 2 14 1 15 0 40.886020 -73.902320
48 0 22 9 19 0 0 40.711444 -74.014847
45 0 30 2 37 0 0 40.710762 -73.994004
20 1 9 3 9 5 0 40.714010 -73.927930
21 0 6 5 13 4 0 40.851680 -73.941860
43 1 24 2 16 0 0 40.716021 -73.999744
21 0 7 1 2 2 0 40.832164 -73.949702
20 1 8 2 10 0 0 40.659500 -73.950410
47 0 27 4 3 1 0 40.690065 -73.978776
19 0 2 6 3 4 0 40.816355 -73.954295
47 0 14 5 2 3 0 40.689622 -73.983043
33 0 6 3 17 5 0 40.776700 -73.927631
26 0 11 2 8 4 0 40.810893 -73.927311
77 0 5 1 4 0 0 40.746920 -74.004519
25 0 8 1 10 0 0 40.752970 -73.892360
19 1 3 8 1 10 0 40.679427 -73.929891
21 0 13 1 14 0 0 40.743110 -73.857150
21 0 1 3 3 0 0 40.846660 -73.889910
36 0 18 5 24 2 0 40.677343 -74.012751
29 1 21 1 13 3 0 40.707065 -74.007319
35 0 3 2 2 0 0 40.754557 -73.965930
70 0 19 4 34 2 0 40.752069 -73.967844
22 1 4 2 8 2 0 40.820302 -73.903944
74 0 6 0 0 0 0 40.741776 -74.001497
18 0 13 0 14 0 0 40.838706 -73.927034
23 0 15 2 17 0 0 40.870690 -73.906780
65 0 8 3 7 6 0 40.744449 -73.983035
24 0 4 2 5 8 0 40.678907 -73.941428
30 0 12 6 8 0 0 40.712628 -73.960575
51 0 37 1 28 0 0 40.679279 -73.981540
21 0 4 4 6 4 0 40.696229 -73.943711
19 0 2 3 5 0 0 40.764089 -73.910651
39 0 2 13 9 8 0 40.764753 -73.970378
17 1 6 1 10 0 0 40.663062 -73.953875
57 0 11 11 13 11 0 40.739730 -73.991040
45 1 29 5 32 9 0 40.707519 -74.001081
83 0 5 12 0 0 0 40.751873 -73.977706
83 0 27 14 22 0 0 40.743227 -73.974498
21 0 1 5 0 0 0 40.673248 -73.956895
19 0 5 1 1 0 0 40.835123 -73.911968
62 1 12 6 23 0 0 40.714505 -74.005628
67 0 13 18 27 12 0 40.709056 -74.010434
23 0 2 2 4 5 0 40.816402 -73.919549
79 0 52 8 55 11 0 40.706411 -74.005597
23 0 2 4 0 0 0 40.689407 -73.968855
33 0 4 4 16 3 0 40.812056 -73.961255
21 0 1 8 1 15 0 40.714840 -73.909000
52 1 3 4 5 4 0 40.750224 -73.971214
39 0 1 7 1 7 0 40.805973 -73.964928
23 0 4 0 6 0 0 40.824013 -73.954743
87 1 50 16 61 4 0 40.729515 -73.990753
31 1 13 3 18 1 0 40.798944 -73.944846
84 0 51 13 31 8 0 40.725029 -73.990697
49 0 29 5 38 1 0 40.722055 -73.989111
21 0 6 2 6 4 0 40.817555 -73.957163
25 0 7 3 16 6 0 40.709070 -73.921570
19 1 4 4 9 2 0 40.713230 -73.938940
27 0 9 2 13 0 0 40.686176 -73.996453
27 0 5 4 11 8 0 40.778130 -73.908420
34 0 8 5 9 0 0 40.680959 -73.999057
34 0 8 4 7 6 0 40.711464 -74.005524
24 1 7 9 5 13 0 40.637660 -74.017820
24 0 2 2 2 0 0 40.830476 -73.939929
24 0 0 0 0 0 0 40.831960 -73.919560
25 1 4 2 1 1 0 40.743540 -73.924352
19 0 6 1 9 0 0 40.810930 -73.921606
54 0 16 2 0 1 0 40.732219 -73.981656
57 0 5 20 10 29 0 40.757769 -73.979294
37 0 5 4 7 11 0 40.882260 -73.887020
25 1 20 1 18 0 0 40.839980 -73.880600
24 1 9 2 13 0 0 40.657980 -73.960510
19 0 10 0 7 0 0 40.819609 -73.916071
23 0 3 4 6 1 0 40.689950 -73.936500
62 0 16 3 2 0 0 40.748758 -73.970127
35 1 7 5 8 0 0 40.672784 -73.979826
21 1 3 3 1 8 0 40.833303 -73.939326
55 0 30 9 39 5 0 40.701221 -74.012342
78 0 39 6 35 0 0 40.726281 -73.989780
37 0 11 5 12 0 0 40.801694 -73.957145
20 0 6 7 7 6 0 40.882270 -73.908090
59 0 31 5 34 1 0 40.717227 -73.988021
24 0 9 2 15 4 0 40.668627 -73.987001
30 0 12 2 17 2 0 40.652563 -73.972573
76 0 17 14 3 0 0 40.760875 -74.002777
45 0 7 21 12 27 0 40.742327 -73.954117
40 0 7 2 8 0 0 40.754990 -73.889050
75 0 8 15 20 19 0 40.742685 -73.986713
46 0 10 6 0 6 0 40.776777 -73.959010
33 0 20 1 29 0 0 40.676395 -73.998699
19 0 13 2 15 3 0 40.654798 -74.014372
23 0 15 2 15 4 0 40.704425 -73.928360
50 0 16 6 18 0 0 40.725213 -73.977688
20 0 7 1 6 1 0 40.860814 -73.902541
27 0 14 4 18 2 0 40.722482 -73.959219
21 0 14 2 16 1 0 40.676999 -74.006471
21 0 2 3 1 3 0 40.671600 -73.933780
37 0 19 2 22 0 0 40.723347 -73.982659
19 0 6 8 6 6 0 40.871094 -73.911503
17 0 2 1 3 10 0 40.854947 -73.916661
34 0 13 4 10 7 0 40.808442 -73.945209
23 1 11 0 11 0 0 40.822215 -73.914688
18 0 4 2 4 0 0 40.760339 -73.922243
59 0 46 2 50 0 0 40.700763 -73.988698
62 0 16 6 12 1 0 40.683826 -73.976323
27 0 4 5 7 0 0 40.660160 -73.990974
51 0 10 2 0 0 0 40.739323 -74.008119
50 0 26 9 38 1 0 40.726378 -74.000472
25 0 4 6 7 9 0 40.774306 -73.908335
24 0 10 4 9 8 0 40.649145 -74.009486
23 0 0 4 1 6 0 40.749190 -73.870540
24 1 3 5 2 1 0 40.780478 -73.912212
20 1 1 0 0 0 0 40.746460 -73.879960
90 0 30 10 31 5 0 40.729667 -73.980680
25 0 5 5 9 12 0 40.644862 -74.014531
61 0 11 22 23 33 0 40.753773 -73.999376
21 0 12 1 15 0 0 40.759470 -73.884310
79 0 14 1 0 0 0 40.739355 -73.999318
29 0 5 5 13 10 0 40.757770 -73.848870
23 0 5 5 7 2 0 40.699690 -73.902200
22 0 0 0 0 0 0 40.862880 -73.903160
47 0 13 2 2 0 0 40.737815 -73.999947
39 0 5 2 8 0 0 40.740693 -73.981606
33 1 1 1 0 1 0 40.861669 -73.898589
14 0 3 2 0 0 0 40.723332 -74.045953
22 1 2 4 2 1 0 40.737360 -74.030970
14 0 4 2 3 0 0 40.719420 -74.050990
22 1 6 2 11 1 0 40.712774 -74.036486
18 0 9 2 7 0 0 40.718211 -74.083639
18 1 4 4 12 1 0 40.727224 -74.033759
14 0 1 1 0 0 0 40.740814 -74.027406
30 0 8 4 11 1 0 40.719252 -74.034234
21 1 6 2 3 0 0 40.715391 -74.049692
24 0 5 2 4 0 0 40.749985 -74.027150
18 0 2 0 0 0 0 40.742258 -74.035111
22 0 5 3 12 0 0 40.717732 -74.043845
22 1 5 2 3 0 0 40.746413 -74.037977
32 0 13 4 15 0 0 40.752961 -74.024353
18 0 4 3 12 0 0 40.747907 -74.038412
14 0 4 2 4 0 0 40.754530 -74.026580
21 0 2 1 2 0 0 40.742659 -74.032233
30 0 6 5 11 8 0 40.716366 -74.034344
18 1 1 6 2 7 0 40.737711 -74.066921
18 1 3 1 5 0 0 40.721630 -74.049968
18 0 4 4 2 2 0 40.715178 -74.037683
22 0 3 2 1 0 0 40.743140 -74.040041
22 0 1 3 1 0 0 40.734786 -74.050444
26 1 8 2 2 0 0 40.714584 -74.042817
18 0 2 1 0 0 0 40.745420 -74.033320
26 0 2 4 0 0 0 40.731169 -74.057574
46 1 7 12 9 5 0 40.736068 -74.029127
14 0 0 3 0 0 0 40.723659 -74.064194
18 0 2 0 1 1 0 40.727551 -74.071061
18 0 3 1 5 0 0 40.724294 -74.035483
18 0 0 3 0 1 0 40.742677 -74.051789
14 0 2 4 1 0 0 40.719282 -74.071262
21 1 2 1 1 0 0 40.738790 -74.039300
22 1 6 2 7 0 0 40.718489 -74.047727
21 0 5 3 2 0 0 40.750109 -74.036637
14 0 0 2 0 0 0 40.722104 -74.071455
30 1 3 4 2 1 0 40.736982 -74.027781
18 0 5 3 8 0 0 40.721651 -74.042884
18 0 7 2 8 2 0 40.716615 -74.042412
18 0 7 3 4 3 0 40.709198 -74.080843
14 0 1 0 2 0 0 40.737430 -74.035710
18 0 0 4 0 0 0 40.744319 -74.043991
18 0 3 4 2 0 0 40.724605 -74.078406
18 0 0 5 1 10 0 40.733670 -74.062500
15 0 3 2 4 4 0 40.751889 -74.033292
14 0 2 1 0 0 0 40.712419 -74.038526
15 0 3 1 1 0 0 40.751867 -74.030377
42 0 9 10 4 8 0 40.719410 -74.043090
18 0 0 5 2 7 0 40.711130 -74.078900
14 0 3 5 7 2 0 40.714145 -74.033552
18 0 0 1 0 0 0 40.748716 -74.040443
20 0 2 1 0 0 0 40.737551 -74.041664
19 0 1 11 1 12 0 40.706575 -74.086701
19 0 6 2 7 0 0 40.754090 -74.031600
26 0 6 3 0 0 0 40.737604 -74.052478
26 0 5 4 0 0 0 40.748161 -74.032453
22 0 5 1 4 0 0 40.724176 -74.050656
26 0 6 2 0 0 0 40.727596 -74.044247
14 0 1 2 0 0 0 40.745910 -74.057271
18 0 1 2 0 1 0 40.734961 -74.059503
14 0 2 1 0 0 0 40.728745 -74.032108
14 0 2 1 5 0 0 40.713464 -74.062859
15 0 2 0 0 0 0 40.739814 -74.036904
22 0 1 2 0 0 0 40.725340 -74.067622
18 0 1 1 0 0 0 40.743133 -74.026989
22 0 6 2 12 1 0 40.721525 -74.046305
24 0 3 7 4 6 0 40.737215 -74.028865
21 1 1 2 0 0 0 40.745984 -74.028199
14 0 2 2 2 0 0 40.725685 -74.048790
15 0 2 0 0 0 0 40.739153 -74.033082
24 0 4 11 8 0 0 40.735938 -74.030305
18 0 2 0 1 0 0 40.740802 -74.042521
14 0 2 2 3 0 0 40.726012 -74.050389
32 0 6 11 0 0 0 40.735208 -74.046964
18 0 0 1 0 0 0 40.725726 -74.071959
14 0 4 1 8 0 0 40.718355 -74.038914
18 0 3 0 2 0 0 40.744398 -74.034501
22 0 4 4 2 0 0 40.711242 -74.055701
33 0 2 17 2 21 0 40.731009 -74.064437
14 0 2 3 9 0 0 40.714358 -74.066611
14 1 3 2 0 0 0 40.725289 -74.045572
22 0 6 3 8 0 0 40.721124 -74.038051
28 0 5 3 4 1 0 40.750604 -74.024020
