CS 2237 483 69924 21386 13346 2529 1445 2383 8949 9363
0 40.656864 -74.008128
62 0 4 10 6 4 2 40.758397 -73.982550
35 0 9 3 5 1 2 40.726930 -73.958630
21 0 3 2 9 5 2 40.744310 -73.926010
19 0 2 1 6 3 2 40.746927 -73.920825
35 0 5 10 4 23 2 40.762110 -73.925230
79 0 11 23 3 2 2 40.740964 -73.986022
19 0 8 2 7 0 2 40.783936 -73.912731
20 1 3 4 2 5 0 40.672020 -73.925390
43 0 28 4 28 0 2 40.657089 -74.008702
24 0 18 1 19 0 2 40.662880 -73.940190
21 0 7 1 10 0 2 40.847798 -73.901883
21 0 2 3 4 2 2 40.674700 -73.925120
21 0 3 2 3 9 2 40.746150 -73.877630
51 0 5 5 1 3 2 40.743954 -73.991449
51 0 4 6 1 1 2 40.763130 -73.965270
21 0 13 3 13 3 2 40.860120 -73.928489
21 0 7 4 7 9 2 40.856100 -73.886250
23 0 10 1 14 1 2 40.753260 -73.905850
21 0 18 0 15 1 1 40.662270 -73.937620
19 0 3 5 2 6 2 40.873870 -73.895330
21 0 7 4 3 15 2 40.772717 -73.906127
21 0 6 3 15 2 2 40.827230 -73.917656
20 0 1 2 0 4 2 40.848177 -73.916082
25 0 9 5 7 7 2 40.795580 -73.919060
19 1 11 0 13 0 0 40.830179 -73.928747
23 0 10 4 21 0 2 40.663180 -73.950760
22 0 1 15 0 17 2 40.638196 -74.013821
45 0 23 9 19 11 2 40.724537 -73.981854
26 0 17 4 13 10 2 40.641730 -73.963640
19 1 3 2 8 5 0 40.678530 -73.916420
21 0 16 2 16 0 2 40.653990 -73.929670
20 0 4 3 0 3 2 40.839312 -73.922423
109 0 3 19 8 84 2 40.751581 -73.977910
25 1 8 2 20 0 0 40.759628 -73.932146
19 0 11 4 14 3 1 40.731690 -73.901590
19 0 2 4 2 6 2 40.839142 -73.925961
19 0 8 5 1 3 2 40.738663 -73.940938
73 1 28 7 47 13 0 40.708347 -74.017134
18 0 3 1 2 0 2 40.749372 -73.897388
22 0 2 4 0 5 2 40.816567 -73.888161
49 1 23 5 15 3 0 40.720747 -73.986274
27 0 7 5 2 4 2 40.709248 -73.960631
25 1 11 4 8 1 0 40.853070 -73.889530
45 0 13 2 7 3 2 40.737530 -74.005589
27 1 16 5 15 10 0 40.653260 -73.961720
27 0 6 2 12 10 2 40.864155 -73.892453
27 0 4 3 2 15 2 40.837190 -73.946600
20 0 3 3 0 4 2 40.757120 -73.872200
20 0 8 5 13 3 2 40.867094 -73.917295
23 0 15 2 12 8 2 40.642690 -73.960990
29 1 1 7 1 9 0 40.808625 -73.959621
73 0 46 9 39 0 2 40.782454 -73.948920
22 0 15 1 12 2 2 40.745350 -73.855800
19 0 0 5 0 13 2 40.834457 -73.928381
42 0 3 14 2 7 1 40.670777 -73.957680
21 0 9 6 6 13 2 40.644367 -73.984276
23 0 5 10 4 2 2 40.642031 -73.981073
21 0 16 2 15 2 2 40.726550 -73.903210
50 0 22 13 12 28 2 40.732322 -73.955086
21 0 6 9 5 12 2 40.677090 -73.900800
47 1 26 5 31 3 0 40.702969 -73.984691
24 0 4 9 2 3 2 40.680983 -73.950048
31 0 7 4 7 9 2 40.834027 -73.945108
41 0 15 8 7 14 2 40.710709 -73.959724
35 1 24 1 29 3 0 40.684355 -73.989016
18 0 14 1 13 4 1 40.765210 -73.864830
30 0 16 5 13 2 2 40.655716 -74.006664
20 1 15 1 20 0 0 40.758860 -73.890810
20 0 10 6 7 10 1 40.742140 -73.854180
41 0 8 11 21 13 2 40.780578 -73.985624
45 1 4 2 5 4 0 40.738274 -73.987520
68 0 6 9 8 3 2 40.752973 -73.987349
20 0 15 1 16 0 2 40.765890 -73.877890
19 0 7 7 11 3 2 40.728970 -73.901150
55 0 24 8 16 15 2 40.722992 -73.979955
20 0 0 4 0 0 2 40.855331 -73.937878
33 1 14 4 25 3 0 40.726218 -73.983799
44 0 3 5 17 4 2 40.769310 -73.984640
18 0 3 5 4 10 2 40.691220 -73.916930
27 0 13 2 17 1 2 40.755243 -73.948568
62 0 6 30 3 2 2 40.757246 -73.978059
19 0 8 4 9 6 2 40.862058 -73.929719
21 1 16 0 10 0 0 40.839990 -73.905490
46 0 12 4 0 1 2 40.729806 -73.995464
19 0 1 6 2 11 2 40.872070 -73.884590
24 0 14 2 12 0 2 40.837119 -73.902185
24 0 2 2 5 0 2 40.745570 -73.888200
21 0 14 2 16 2 2 40.863124 -73.926994
26 0 8 8 11 12 2 40.701660 -73.927540
18 0 1 4 2 9 2 40.821880 -73.907521
32 0 5 6 5 2 2 40.759058 -73.918975
20 0 4 4 8 3 2 40.666190 -73.931620
19 0 4 4 3 9 2 40.762507 -73.902534
47 1 3 5 2 0 0 40.768790 -73.961400
23 0 9 4 17 0 2 40.699530 -73.888730
57 0 11 4 21 6 2 40.735238 -74.000271
53 0 12 15 3 0 2 40.716967 -73.956388
43 0 11 4 7 5 2 40.729387 -73.977724
20 1 11 2 7 6 0 40.765400 -73.882560
21 0 12 1 6 2 2 40.832678 -73.905158
22 0 9 3 7 3 2 40.778557 -73.919046
29 0 9 5 7 5 2 40.727700 -73.943950
23 0 3 4 1 13 2 40.844044 -73.933651
27 1 6 4 8 9 0 40.846490 -73.896160
19 0 3 2 0 6 1 40.763328 -73.908782
23 0 14 2 18 4 1 40.644660 -73.963220
20 1 5 2 3 8 0 40.742610 -73.903000
34 0 8 7 9 11 2 40.710361 -73.965304
28 0 2 9 3 7 2 40.642408 -74.013318
23 1 10 6 18 4 0 40.649037 -73.976730
51 0 5 12 3 31 2 40.775794 -73.976206
25 0 8 5 6 13 2 40.663493 -73.991007
19 0 6 1 5 0 2 40.821075 -73.895069
23 0 9 4 14 2 2 40.697940 -73.969868
16 0 2 4 4 7 2 40.704610 -73.910540
19 1 13 1 12 2 0 40.735770 -73.901840
24 0 4 6 4 17 2 40.669290 -73.936790
71 0 18 9 24 3 2 40.714740 -74.009106
75 0 8 3 20 0 2 40.738046 -73.996430
19 0 0 1 0 0 2 40.846465 -73.903869
21 0 7 1 12 5 2 40.825716 -73.915585
21 1 13 4 17 0 0 40.778089 -73.899558
20 0 0 7 3 8 2 40.757880 -73.857630
20 0 0 3 0 4 2 40.860424 -73.909336
19 0 10 2 8 0 2 40.743990 -73.867810
21 0 14 1 2 5 2 40.654960 -73.937650
19 0 2 3 1 5 2 40.833246 -73.896599
51 0 14 6 9 2 2 40.723230 -74.003140
19 1 2 4 8 5 0 40.853045 -73.918306
31 0 12 4 20 7 2 40.701889 -74.010899
19 0 10 4 12 0 2 40.738920 -73.863670
21 1 0 4 0 8 0 40.871420 -73.888390
21 0 7 3 8 7 2 40.856487 -73.932970
22 0 11 6 12 10 0 40.740800 -73.849780
27 0 4 3 5 1 2 40.827134 -73.922736
27 0 9 2 14 0 2 40.811892 -73.904192
20 0 3 2 5 3 2 40.744460 -73.897640
23 0 11 4 14 1 2 40.857994 -73.932173
25 0 3 4 2 9 2 40.672340 -73.947630
19 0 6 4 11 6 2 40.807466 -73.927107
19 0 14 0 12 0 2 40.652502 -74.013587
20 0 2 1 11 0 2 40.836490 -73.918316
57 0 7 30 2 4 2 40.755167 -74.000599
19 1 14 0 13 1 0 40.843079 -73.900216
69 0 23 17 32 23 2 40.705945 -74.013219
56 0 30 5 42 5 2 40.731150 -74.008870
33 0 16 1 11 1 2 40.685424 -73.991278
45 1 21 7 17 23 0 40.714275 -73.989900
43 0 13 13 4 4 2 40.746872 -74.008210
36 1 13 5 12 12 0 40.712199 -73.979481
51 1 8 3 8 4 0 40.749718 -74.002950
37 0 6 5 3 4 2 40.700379 -73.995481
61 0 21 9 25 0 2 40.718502 -73.983299
19 0 1 6 1 14 2 40.642703 -74.009441
27 1 15 3 11 9 0 40.711174 -74.000165
20 1 13 2 11 1 0 40.720980 -73.907010
26 0 6 2 3 1 2 40.744800 -73.893770
33 0 7 5 9 19 2 40.693261 -73.968896
29 0 5 15 2 25 2 40.867880 -73.919685
23 0 2 1 3 2 2 40.817802 -73.905203
19 0 8 2 11 2 2 40.868846 -73.931537
37 1 17 5 6 8 0 40.691652 -73.999979
43 0 11 5 15 0 2 40.703554 -74.006702
33 1 4 19 4 2 0 40.761573 -73.972628
22 0 12 4 20 0 2 40.648680 -73.946350
23 0 1 3 1 2 2 40.856987 -73.898237
19 0 2 1 2 2 2 40.750850 -73.875090
20 0 13 3 18 0 2 40.645210 -73.970730
19 1 2 10 4 12 0 40.731450 -73.900220
33 0 9 3 8 9 2 40.707087 -73.957968
27 0 2 5 6 5 2 40.741120 -73.921037
47 0 19 3 22 0 2 40.717411 -73.999573
19 0 4 3 2 0 2 40.835450 -73.901530
21 0 12 3 17 0 2 40.827629 -73.886659
19 1 10 2 9 4 0 40.772600 -73.932663
24 0 2 4 8 9 2 40.862940 -73.901080
21 1 8 9 12 9 0 40.645750 -73.943310
25 0 11 4 13 5 2 40.655630 -73.959680
21 0 2 5 3 1 2 40.669390 -73.945140
20 0 2 2 0 0 2 40.676700 -73.930510
117 0 13 26 9 28 2 40.770513 -73.988038
55 0 6 6 0 0 2 40.755136 -73.986580
74 0 12 11 2 2 2 40.741740 -73.994156
31 0 9 13 2 25 2 40.649580 -73.963160
41 0 14 2 7 0 2 40.725806 -73.974225
39 0 17 5 19 6 2 40.732647 -73.990110
31 0 2 6 10 2 2 40.774925 -73.982666
27 0 6 7 0 1 2 40.719009 -73.958525
21 0 4 10 2 15 1 40.874710 -73.910990
25 0 9 2 4 1 2 40.706732 -73.961241
39 0 15 6 18 9 2 40.718710 -74.009001
21 1 7 3 3 14 0 40.674860 -73.911230
24 0 16 3 16 3 2 40.861699 -73.918557
19 1 2 1 6 3 0 40.835302 -73.895133
31 1 15 4 18 6 0 40.726060 -73.956210
19 0 10 3 15 1 2 40.675220 -73.906100
31 1 8 5 11 6 0 40.794165 -73.974124
19 0 4 3 8 3 2 40.758057 -73.909831
45 0 25 4 32 1 2 40.716425 -73.965940
23 0 16 1 20 2 1 40.651173 -74.011405
39 0 3 7 3 12 2 40.797372 -73.970412
29 0 4 6 6 4 2 40.695020 -73.928250
51 1 17 11 8 32 0 40.724813 -73.947526
39 0 8 15 7 16 2 40.782323 -73.959875
19 0 4 5 4 2 2 40.701170 -73.890400
19 1 9 2 16 1 0 40.763875 -73.936485
30 0 1 1 2 4 2 40.838315 -73.912604
21 0 13 3 14 2 2 40.725580 -73.904170
24 0 1 6 3 14 2 40.792100 -73.973900
47 0 9 14 21 9 2 40.775369 -73.948034
67 0 5 23 1 24 2 40.777057 -73.978985
23 0 9 1 10 7 2 40.762814 -73.934286
32 0 13 4 8 0 2 40.677236 -74.015665
21 1 1 2 4 3 0 40.851113 -73.928808
39 0 10 4 7 2 2 40.719792 -74.005224
19 0 12 2 16 0 2 40.723680 -73.904580
30 0 6 3 2 6 2 40.705148 -73.970781
27 0 3 10 4 2 2 40.679439 -73.968044
123 0 11 31 4 16 2 40.750756 -73.978326
24 0 6 7 8 5 2 40.691782 -73.973730
21 0 16 0 17 0 2 40.662190 -73.942930
34 0 3 9 3 13 2 40.790180 -73.972890
21 0 14 3 16 3 1 40.642350 -73.969510
30 0 4 2 2 12 2 40.763605 -73.989180
19 0 4 3 0 1 2 40.681460 -73.934903
25 0 14 4 16 2 2 40.793434 -73.949450
30 1 13 3 17 6 0 40.672815 -73.983524
25 0 6 5 12 11 1 40.847840 -73.883000
34 1 4 8 5 2 0 40.752554 -73.972826
27 0 13 2 22 1 2 40.675162 -73.981483
31 0 4 13 0 24 2 40.784903 -73.950503
19 1 12 3 6 3 0 40.740870 -73.867720
38 0 6 15 4 20 2 40.781411 -73.955959
23 0 1 8 4 7 2 40.666208 -73.981999
19 0 2 8 3 10 2 40.716930 -73.901980
78 0 6 4 12 8 2 40.712220 -74.010472
21 1 1 4 0 6 0 40.751470 -73.855700
59 0 24 5 20 4 2 40.724677 -73.987834
33 0 11 6 17 12 2 40.774645 -73.923706
23 0 8 5 10 1 2 40.718320 -73.901280
22 0 12 5 5 10 2 40.745820 -73.864330
35 1 3 23 0 8 0 40.789485 -73.952429
75 0 18 11 21 10 2 40.787209 -73.981281
23 0 5 4 1 4 2 40.688334 -73.950916
21 1 10 2 16 5 0 40.685930 -74.002424
23 1 1 0 2 0 0 40.748250 -73.879360
21 0 8 1 19 0 0 40.684910 -73.914930
27 0 2 2 1 3 2 40.836733 -73.887931
60 1 12 4 16 2 0 40.734011 -74.002939
21 0 4 1 0 0 2 40.838990 -73.910900
23 0 14 3 11 8 2 40.776844 -73.934634
23 0 8 2 6 4 2 40.674696 -73.997858
48 1 6 3 7 7 0 40.764719 -73.962221
25 0 8 3 5 3 2 40.678356 -74.000145
25 0 8 4 14 1 2 40.792327 -73.938300
41 0 7 3 12 7 2 40.756265 -73.964179
37 0 12 8 0 4 2 40.674706 -74.007557
53 0 29 4 24 13 2 40.677729 -73.993641
21 0 2 3 5 9 2 40.673130 -73.913870
21 1 11 3 10 10 0 40.674875 -74.010480
24 1 1 7 0 0 0 40.663779 -73.983968
19 1 5 1 2 3 0 40.842675 -73.908544
25 0 3 5 0 0 2 40.678045 -73.962408
33 1 7 5 20 1 0 40.805726 -73.936322
23 0 6 3 1 0 2 40.847396 -73.931205
35 0 12 9 1 11 2 40.771153 -73.917007
27 0 4 10 2 13 2 40.774233 -73.912749
33 0 16 4 14 8 2 40.809495 -73.947765
19 0 4 4 9 6 2 40.770148 -73.912094
23 0 7 6 2 10 2 40.777455 -73.922540
19 1 5 3 4 2 0 40.854720 -73.890220
39 0 10 3 18 11 2 40.746202 -73.971822
21 0 1 2 0 0 2 40.851788 -73.916418
22 0 0 2 1 5 2 40.876560 -73.883660
27 0 3 6 2 14 2 40.679119 -73.971763
25 0 5 4 6 8 2 40.685957 -73.971468
36 0 3 4 1 10 2 40.767128 -73.962246
54 0 23 16 17 28 2 40.731735 -73.961239
39 0 7 5 1 11 2 40.685068 -73.977908
24 1 8 3 2 13 0 40.675833 -74.014726
18 0 5 4 6 5 2 40.716981 -73.944859
29 0 7 8 6 13 2 40.680974 -73.971010
23 1 17 1 20 2 0 40.855560 -73.896150
20 0 2 4 0 1 2 40.674230 -73.916560
41 0 23 2 30 6 2 40.814326 -73.959025
30 0 16 2 8 2 2 40.754750 -73.854900
22 0 1 2 0 5 2 40.829608 -73.921461
45 1 38 1 36 2 0 40.656240 -74.009330
20 0 3 7 0 17 2 40.677380 -73.908290
33 0 14 5 11 4 2 40.711471 -73.986726
27 0 12 3 6 3 2 40.740910 -73.902730
27 0 13 0 11 2 2 40.844811 -73.912042
21 0 13 3 12 8 1 40.737150 -73.856140
19 0 4 3 9 3 2 40.680356 -73.947679
24 0 8 3 2 9 2 40.660260 -73.960450
21 1 12 2 9 7 0 40.797477 -73.931185
25 0 4 10 1 13 2 40.788130 -73.952060
65 0 9 8 7 4 2 40.761712 -73.986551
20 0 11 1 10 0 2 40.818185 -73.894143
27 0 11 1 16 0 2 40.670492 -73.985417
23 1 4 6 7 9 0 40.674089 -73.978728
19 0 4 1 9 0 2 40.717821 -73.976289
20 0 9 2 13 3 2 40.868130 -73.884120
23 1 1 7 1 10 0 40.678600 -73.903690
30 1 19 2 6 6 0 40.647440 -74.018846
29 0 6 5 1 7 2 40.765476 -73.918116
19 0 1 3 0 0 2 40.856906 -73.935662
50 0 4 5 5 1 2 40.748480 -73.982556
22 1 2 6 1 2 0 40.674280 -73.950300
21 0 11 2 14 5 2 40.702831 -73.933300
19 0 1 4 0 6 2 40.875120 -73.901260
20 0 2 13 1 13 2 40.637033 -74.022141
61 1 7 23 1 7 0 40.759923 -73.976485
19 0 7 3 3 0 2 40.713811 -73.935150
26 0 6 3 4 2 2 40.753111 -73.927992
85 0 6 9 1 3 2 40.763441 -73.982681
99 0 17 12 22 5 2 40.738290 -73.990060
25 0 5 5 2 9 2 40.740821 -73.931472
23 1 10 3 12 8 0 40.807560 -73.939182
30 0 13 3 18 0 2 40.802950 -73.942954
50 1 17 6 20 3 0 40.727690 -73.990993
22 1 7 3 2 7 0 40.688580 -73.912270
23 0 5 6 3 0 2 40.690081 -73.947915
27 0 19 1 19 0 2 40.824410 -73.928180
23 0 7 2 14 2 2 40.757357 -73.904726
41 0 8 5 21 0 2 40.754692 -73.997402
34 0 19 4 19 6 2 40.749660 -73.952100
96 1 4 7 9 85 0 40.751551 -73.993934
20 0 12 0 2 0 2 40.838379 -73.905838
19 0 8 3 9 0 2 40.735680 -73.903870
19 0 5 4 6 0 2 40.694254 -73.946269
23 0 11 3 10 0 2 40.710681 -73.933720
28 0 6 13 0 26 2 40.773015 -73.911190
30 0 12 9 18 8 2 40.650740 -73.949860
33 0 9 2 3 6 2 40.746500 -73.997326
39 0 9 4 13 15 2 40.756604 -73.997901
21 0 3 5 6 10 2 40.679194 -73.958790
78 0 15 2 19 1 2 40.734232 -73.986923
19 0 3 5 11 0 2 40.697570 -73.930980
31 0 9 3 4 3 2 40.712868 -73.956981
21 0 6 4 9 0 2 40.709897 -73.940080
57 0 25 2 15 2 2 40.702551 -73.989402
27 0 4 1 12 0 2 40.735640 -73.958660
24 0 2 3 3 4 2 40.845220 -73.940493
21 0 13 4 13 4 2 40.640493 -74.025640
17 0 4 3 2 0 2 40.706360 -73.919450
79 1 63 1 69 1 0 40.675070 -73.987752
25 0 6 6 6 6 2 40.696760 -73.923020
19 0 5 3 9 3 2 40.846050 -73.884260
21 0 8 3 11 0 2 40.668520 -73.922840
24 0 7 1 10 2 2 40.874440 -73.891860
45 0 21 3 29 0 2 40.718822 -73.995960
18 0 1 4 2 6 2 40.782940 -73.930770
21 0 9 7 7 9 2 40.874490 -73.904670
18 0 6 3 2 6 2 40.697140 -73.915660
23 0 8 2 13 2 2 40.705774 -73.963252
23 1 15 1 17 3 0 40.772092 -73.895166
33 0 3 9 1 22 2 40.675832 -73.963308
31 0 16 4 3 3 2 40.809725 -73.953149
25 0 5 6 1 9 2 40.725770 -73.941730
19 1 13 1 13 2 0 40.724030 -73.908530
31 0 1 8 0 22 2 40.668132 -73.973638
27 1 19 3 22 0 0 40.791976 -73.945993
33 0 13 1 22 0 1 40.732264 -73.998522
17 0 0 6 1 7 2 40.709980 -73.911160
69 0 20 8 14 11 2 40.725129 -73.981317
24 0 12 1 11 3 2 40.821111 -73.935971
45 0 23 4 27 4 2 40.731724 -74.006744
24 0 7 4 5 12 2 40.704876 -73.919911
34 0 1 5 1 13 2 40.696233 -73.991421
17 0 5 6 9 5 2 40.701120 -73.930390
25 0 16 4 2 2 2 40.736490 -73.869950
20 0 6 3 2 1 2 40.810140 -73.939730
25 1 5 3 9 1 0 40.772797 -73.955778
23 0 9 3 7 0 2 40.814469 -73.924963
35 1 7 7 10 19 0 40.810285 -73.957365
20 1 6 4 10 7 0 40.698000 -73.912700
19 0 4 2 2 0 2 40.816126 -73.891559
29 0 4 2 5 0 2 40.758924 -73.962262
64 0 37 5 40 0 2 40.721101 -73.991925
30 0 17 4 22 5 2 40.765354 -73.939863
21 1 8 2 18 3 0 40.712460 -73.918730
19 0 2 4 7 0 2 40.846160 -73.893220
24 0 19 1 22 0 2 40.660340 -73.936180
27 0 2 5 2 10 2 40.778567 -73.977550
30 1 17 4 9 10 0 40.652657 -74.002356
27 0 3 9 0 1 2 40.677675 -73.969021
31 0 9 6 14 9 2 40.690470 -73.923511
19 0 6 2 6 6 2 40.738249 -73.927375
19 0 11 2 3 4 2 40.844075 -73.917256
19 0 9 1 7 7 2 40.809619 -73.917875
51 0 13 12 18 9 2 40.725570 -73.944340
28 0 2 4 4 0 2 40.668110 -73.950500
27 1 2 9 1 8 0 40.670384 -73.978397
60 0 6 6 11 0 2 40.747659 -73.984907
103 0 12 40 1 1 2 40.760177 -73.984868
30 0 18 5 24 0 2 40.648481 -73.970580
36 0 6 9 18 15 2 40.804555 -73.939686
45 0 7 3 25 17 2 40.752762 -73.992805
31 0 6 4 6 5 2 40.823498 -73.943860
31 0 5 4 9 0 2 40.816827 -73.917338
21 0 14 1 9 3 2 40.858590 -73.888210
19 1 5 1 7 2 0 40.811675 -73.917037
19 0 5 1 4 0 2 40.820036 -73.921411
21 1 5 2 0 6 0 40.758740 -73.875350
42 0 11 9 7 18 2 40.707678 -73.940162
27 0 10 3 9 4 2 40.663140 -73.960570
27 0 10 4 11 7 2 40.694546 -73.958014
19 0 15 1 17 1 1 40.652512 -74.008906
23 0 3 5 7 7 2 40.799757 -73.962113
36 0 7 5 4 0 2 40.687002 -73.976650
25 0 9 1 10 0 2 40.814673 -73.918390
75 0 14 15 18 25 2 40.684157 -73.969223
23 1 2 7 5 5 0 40.676969 -73.965790
22 0 2 2 3 5 2 40.829114 -73.950426
27 0 10 7 11 2 2 40.730260 -73.953940
27 0 4 2 5 2 2 40.823940 -73.894025
25 0 5 16 8 16 1 40.879950 -73.905360
75 0 6 19 0 0 2 40.757148 -73.972078
79 0 21 16 21 17 2 40.784145 -73.983625
25 0 14 4 11 10 2 40.851570 -73.884750
25 1 17 3 18 5 0 40.793380 -73.943290
22 1 1 2 1 1 0 40.835334 -73.915400
65 0 11 5 6 0 2 40.743943 -73.979661
21 1 12 2 14 1 0 40.812636 -73.929250
19 0 13 1 16 1 1 40.820003 -73.959089
47 0 14 8 11 11 2 40.744697 -73.935404
25 1 6 3 6 9 0 40.719079 -73.942237
30 0 1 6 1 17 2 40.818215 -73.950988
49 1 18 10 25 11 0 40.703652 -74.011678
21 0 8 2 10 9 2 40.818477 -73.947568
79 1 16 4 32 1 0 40.740259 -73.984092
22 0 3 3 6 5 2 40.747730 -73.866490
23 1 5 7 6 10 0 40.700003 -73.928340
19 1 10 1 13 0 0 40.819999 -73.897263
19 0 2 4 3 8 2 40.666439 -73.960556
29 0 5 6 10 6 2 40.691460 -73.921460
41 0 8 10 12 4 2 40.757632 -73.969306
22 0 3 6 5 5 2 40.701830 -73.906250
44 0 19 2 18 0 2 40.717030 -74.009250
23 1 1 4 0 2 0 40.827075 -73.945909
19 0 7 3 9 0 2 40.672506 -74.004947
22 1 9 1 10 4 0 40.814490 -73.936153
32 0 6 10 1 0 2 40.689060 -73.905060
17 0 7 2 8 0 2 40.803399 -73.919763
47 0 14 2 16 12 2 40.693534 -73.981909
44 0 23 3 12 3 2 40.706564 -73.968319
24 1 3 1 6 3 0 40.823194 -73.887629
19 0 1 5 1 11 2 40.707930 -73.910920
31 0 4 9 1 8 2 40.775655 -73.950686
23 0 15 2 15 0 2 40.648710 -73.952180
27 0 2 3 2 3 2 40.821820 -73.953530
28 0 20 1 23 1 2 40.677274 -73.982820
19 0 9 2 13 2 2 40.726100 -73.909170
54 0 20 11 30 5 2 40.715595 -73.987030
19 0 4 2 1 13 2 40.859532 -73.913303
20 0 1 2 2 9 2 40.865710 -73.908570
28 0 13 5 16 5 2 40.727086 -73.952991
19 0 0 5 1 0 2 40.819890 -73.908351
21 0 1 12 7 12 2 40.668663 -73.979881
27 1 8 4 5 3 0 40.689271 -73.957324
24 1 2 2 6 5 0 40.828310 -73.942924
27 0 5 4 9 4 2 40.832081 -73.942386
94 0 10 18 29 53 2 40.752568 -73.996765
20 0 10 4 4 0 2 40.733960 -73.952040
44 0 4 3 3 22 2 40.766040 -73.987370
24 1 1 4 0 2 0 40.839137 -73.941409
27 0 3 3 5 0 2 40.836180 -73.939789
19 1 1 3 1 1 0 40.839278 -73.945446
31 0 5 6 20 0 2 40.842941 -73.938631
0 1 0 0 0 0 0 40.840896 -73.939721
68 0 12 6 25 32 2 40.733424 -74.008515
8 0 2 3 2 4 1 40.648650 -74.006460
73 0 12 5 11 6 2 40.722438 -74.005664
4 0 2 0 0 0 2 40.851747 -73.908964
22 0 2 2 3 1 2 40.699850 -73.971410
33 0 5 2 11 7 2 40.744806 -73.917290
21 0 8 7 7 9 2 40.773368 -73.913826
44 0 25 2 24 1 2 40.724861 -73.992131
19 0 3 4 8 6 2 40.759604 -73.927144
21 1 12 2 17 4 0 40.647410 -73.959330
57 0 4 3 4 10 2 40.763954 -73.964600
31 0 21 3 21 7 2 40.796879 -73.937261
19 0 1 2 4 5 2 40.714350 -73.914050
22 0 1 7 2 14 2 40.842070 -73.926075
22 0 1 9 1 14 2 40.642501 -74.006055
25 0 11 4 17 6 1 40.644719 -73.974515
23 0 10 3 13 5 2 40.776745 -73.906558
19 0 1 5 2 2 2 40.874070 -73.883365
79 1 19 16 7 65 0 40.777507 -73.988886
27 0 11 5 21 2 2 40.800539 -73.941995
21 0 1 8 1 2 2 40.708860 -73.901820
45 0 27 3 20 3 2 40.719876 -73.963865
30 0 20 2 15 1 2 40.655920 -73.940680
25 1 12 2 9 3 0 40.742490 -73.878090
21 0 3 2 7 6 2 40.760720 -73.910989
33 0 4 6 12 4 2 40.743498 -73.918605
23 0 14 2 10 3 2 40.761960 -73.870420
20 0 3 13 6 12 1 40.635679 -74.020005
20 0 2 5 1 15 2 40.678720 -73.911050
23 0 4 2 2 2 2 40.744540 -73.881120
20 0 0 7 1 7 2 40.660906 -73.983074
74 0 30 16 9 29 2 40.689888 -73.981013
21 1 2 1 5 6 0 40.749370 -73.887140
24 0 1 1 2 0 2 40.748410 -73.875100
20 0 12 3 13 3 2 40.737270 -73.864150
30 0 14 6 9 3 2 40.802554 -73.933509
25 0 1 1 0 0 2 40.746380 -73.883220
25 1 13 7 11 14 0 40.651820 -73.931350
19 0 0 2 0 2 2 40.839194 -73.888587
45 1 11 5 24 1 0 40.708589 -74.009355
48 0 26 5 14 11 2 40.700119 -73.986200
22 0 3 10 3 10 2 40.642622 -74.016866
55 1 19 4 21 5 0 40.716250 -74.009106
19 0 1 2 1 3 2 40.745502 -73.909887
20 1 13 2 15 4 0 40.764240 -73.881200
39 0 5 18 16 6 2 40.780628 -73.952167
22 0 10 5 4 0 2 40.655770 -73.943200
19 0 0 2 0 0 2 40.843010 -73.911720
20 0 1 7 2 10 2 40.656290 -73.977335
75 0 20 7 26 8 2 40.733209 -73.975681
25 0 4 7 3 7 2 40.687130 -73.930080
21 0 1 1 0 0 2 40.749620 -73.866770
30 0 1 1 5 1 2 40.750550 -73.867250
24 0 1 1 1 1 2 40.837213 -73.908345
29 0 9 7 17 0 2 40.820909 -73.927538
29 0 17 4 23 0 2 40.651566 -73.972212
30 0 5 2 2 1 2 40.818743 -73.890247
63 0 12 5 24 0 2 40.725840 -74.007653
24 0 10 4 10 8 2 40.853910 -73.886600
27 0 4 5 10 6 2 40.771203 -73.903865
19 1 14 2 12 7 0 40.643780 -73.968670
25 0 12 5 12 10 2 40.743360 -73.851290
19 0 9 6 13 4 2 40.639421 -74.026823
19 0 0 4 3 5 2 40.710700 -73.905250
21 0 7 2 11 1 1 40.854124 -73.899322
27 0 3 6 3 2 2 40.694650 -73.934300
29 0 10 2 15 2 2 40.751555 -73.915026
25 0 15 1 18 0 2 40.836179 -73.907301
47 0 13 4 2 0 2 40.720253 -73.957082
19 0 6 4 8 6 2 40.721550 -73.902950
65 0 11 9 42 0 2 40.737262 -73.992390
19 1 6 3 3 3 0 40.699576 -73.947084
25 0 4 7 7 13 2 40.884920 -73.890840
20 0 5 6 6 4 2 40.693022 -73.948680
20 0 1 2 6 1 2 40.860479 -73.905717
20 0 8 4 9 8 2 40.684520 -73.920110
19 0 2 4 0 0 1 40.666700 -73.939720
33 0 3 11 14 0 2 40.657265 -73.974165
24 0 1 6 1 5 2 40.849972 -73.938423
58 1 11 19 17 3 0 40.801343 -73.971146
24 0 10 2 10 8 2 40.797459 -73.934499
23 0 4 9 4 12 1 40.853500 -73.881770
25 1 3 6 0 0 0 40.680120 -73.931680
19 0 11 2 10 2 2 40.705380 -73.925350
21 0 6 2 9 1 2 40.823162 -73.923267
20 0 4 2 8 2 2 40.665090 -73.948240
29 0 14 1 22 1 2 40.702709 -73.992530
23 0 2 0 20 1 2 40.861282 -73.921418
23 0 13 0 13 3 2 40.830051 -73.892103
30 0 16 8 5 25 0 40.644990 -73.958180
21 0 14 2 14 4 2 40.775415 -73.900063
20 0 3 3 0 4 2 40.855156 -73.912780
23 1 8 6 2 3 0 40.695398 -73.949549
21 0 2 5 2 1 2 40.742520 -73.948852
20 0 4 6 2 14 2 40.687050 -73.923380
28 0 12 5 5 8 2 40.751770 -73.948210
19 0 5 2 2 0 2 40.664810 -73.942690
73 0 8 12 6 0 2 40.765909 -73.976342
21 0 16 1 16 4 1 40.666168 -73.995549
24 0 2 3 0 0 2 40.846052 -73.937648
21 0 2 4 0 2 2 40.849250 -73.930220
25 0 16 2 6 3 2 40.736720 -73.877280
22 0 12 5 7 7 2 40.645350 -73.932680
47 0 4 9 8 12 2 40.776321 -73.964274
19 0 5 4 5 5 2 40.683740 -73.926100
27 0 3 6 5 10 2 40.764175 -73.915840
21 0 4 11 4 6 2 40.644830 -73.938530
49 0 8 10 7 4 2 40.711066 -74.009447
23 0 13 2 13 4 2 40.772899 -73.896849
31 0 1 5 4 4 2 40.861915 -73.894831
19 0 2 3 2 3 2 40.743250 -73.890790
19 0 4 2 1 4 2 40.818850 -73.888210
25 0 6 5 8 6 2 40.764496 -73.904632
24 0 1 6 0 12 2 40.668760 -73.933760
25 1 4 2 5 9 0 40.873070 -73.889710
49 0 11 1 13 0 1 40.745686 -74.005141
42 0 3 20 3 35 2 40.788665 -73.966801
35 0 13 5 13 18 2 40.732660 -73.958260
30 0 20 3 10 15 2 40.648055 -73.972432
58 1 9 8 20 1 0 40.769157 -73.967035
20 0 13 1 18 0 2 40.828090 -73.912880
67 0 20 2 20 0 2 40.731437 -73.994903
21 0 1 8 1 10 2 40.644743 -74.003754
19 0 4 1 2 1 2 40.746790 -73.908930
35 0 3 5 1 5 2 40.785000 -73.972834
19 0 2 4 2 8 2 40.877040 -73.889430
19 1 8 2 2 2 0 40.819823 -73.912411
42 0 21 5 28 0 2 40.713107 -73.994464
35 0 26 0 31 0 2 40.842240 -73.898500
20 0 2 2 3 1 2 40.843110 -73.891490
36 1 19 5 18 0 0 40.723957 -73.949844
19 0 1 3 2 5 2 40.747320 -73.911970
73 0 36 12 38 22 2 40.728419 -73.987140
20 1 4 5 5 14 0 40.688140 -73.926930
25 0 3 17 1 22 2 40.633385 -74.016562
38 0 3 9 7 22 2 40.784760 -73.969862
29 0 7 4 16 6 2 40.757186 -73.932719
19 1 6 3 10 1 0 40.719210 -73.912400
39 0 15 8 17 12 2 40.712690 -73.987763
42 0 16 4 5 3 2 40.720196 -73.989978
21 0 6 1 13 0 2 40.825322 -73.887729
67 0 7 5 10 10 2 40.762272 -73.987882
105 1 9 8 20 56 0 40.756405 -73.990026
19 0 4 2 9 3 2 40.749478 -73.918265
35 0 27 0 25 3 2 40.642431 -74.025536
19 0 8 6 7 3 2 40.744480 -73.865160
43 0 21 4 4 1 2 40.722767 -73.957021
19 0 8 1 3 0 2 40.820578 -73.888271
56 1 24 7 27 17 0 40.693270 -73.977039
76 0 20 1 21 2 2 40.732241 -74.000264
25 0 0 11 1 2 2 40.656633 -73.983864
24 0 4 12 1 7 2 40.776168 -73.910485
39 1 18 5 15 21 0 40.679043 -74.011169
19 0 10 1 11 2 2 40.831998 -73.892686
19 1 1 1 1 0 0 40.831710 -73.902080
57 1 8 6 21 4 0 40.707179 -74.008873
21 0 9 1 15 1 2 40.850535 -73.901318
35 0 18 3 0 0 2 40.711174 -73.996826
25 0 8 2 10 6 2 40.810792 -73.943068
54 1 9 3 20 0 0 40.743116 -73.982154
23 0 2 9 1 3 2 40.696820 -73.937569
19 1 11 2 13 3 0 40.737070 -73.900770
30 0 1 2 1 9 2 40.670529 -73.958222
31 0 14 2 13 0 2 40.646475 -74.026081
61 0 18 7 40 0 2 40.734814 -73.992085
19 0 3 3 8 4 2 40.713352 -73.949103
47 0 27 3 31 5 2 40.687881 -73.989393
43 1 18 10 6 1 0 40.710451 -73.960876
24 0 3 6 4 9 2 40.745347 -73.921942
20 0 12 3 11 5 2 40.879790 -73.901640
29 0 13 4 19 4 2 40.801307 -73.939817
33 0 21 2 30 1 1 40.771717 -73.931593
39 0 27 1 33 0 2 40.813358 -73.956461
39 0 9 1 14 3 2 40.743534 -74.003676
21 0 3 5 7 2 2 40.685153 -73.941110
21 0 1 2 1 0 2 40.850036 -73.912785
35 1 7 5 6 5 0 40.769943 -73.960607
20 1 0 4 0 6 0 40.847746 -73.922079
23 1 5 3 10 6 0 40.763154 -73.920827
19 0 14 2 14 1 2 40.654098 -74.001131
57 0 36 5 24 6 2 40.716887 -73.963198
23 0 2 1 4 0 2 40.747180 -73.886750
19 0 7 1 5 0 2 40.827184 -73.893721
66 1 22 8 25 3 0 40.724947 -74.001659
67 1 5 10 1 2 0 40.764126 -73.980973
21 0 1 3 0 1 2 40.828199 -73.903719
61 0 21 11 30 12 2 40.729538 -73.984267
20 0 2 3 0 0 2 40.815077 -73.899939
21 0 3 3 4 9 2 40.739860 -73.924003
24 0 7 8 9 3 2 40.749840 -73.861560
35 0 20 5 19 7 2 40.729803 -73.959099
21 0 10 6 10 4 2 40.764470 -73.873690
21 1 5 2 4 10 0 40.676860 -73.933270
109 0 9 14 3 0 2 40.742869 -73.989186
27 1 17 2 22 1 0 40.677027 -73.986500
25 0 11 5 15 7 2 40.800460 -73.924040
27 0 4 4 6 16 2 40.744510 -73.914120
30 1 20 4 14 10 0 40.860100 -73.886600
21 1 4 9 8 9 0 40.867505 -73.926363
20 0 5 3 7 3 2 40.665590 -73.937120
39 0 10 3 6 0 2 40.719105 -73.999733
41 0 13 2 10 0 1 40.730311 -73.980472
30 0 10 3 7 0 2 40.723684 -73.975748
24 1 7 6 3 8 0 40.654580 -73.947160
23 0 11 4 3 5 2 40.648730 -73.960840
78 0 16 7 21 5 2 40.720280 -73.998790
21 0 10 4 10 9 2 40.650739 -73.977739
24 0 18 3 3 9 2 40.734660 -73.865010
19 1 11 2 4 12 0 40.649490 -73.954080
78 1 8 15 14 6 0 40.754601 -73.971879
20 0 3 7 4 5 2 40.844630 -73.879880
41 0 3 4 10 26 2 40.757570 -73.990985
23 1 3 1 2 6 0 40.748800 -73.894510
73 0 24 8 35 2 2 40.746745 -74.007756
35 0 2 8 0 7 2 40.848467 -73.936064
24 1 13 3 8 8 0 40.861560 -73.912190
19 0 11 3 11 6 2 40.740460 -73.856500
20 1 7 4 7 4 0 40.732240 -73.943830
25 0 15 3 21 0 2 40.840960 -73.879230
41 0 22 3 27 0 2 40.767186 -73.937355
21 0 2 2 3 4 2 40.675680 -73.913960
35 1 12 4 16 5 0 40.777945 -73.946041
41 0 10 6 13 11 2 40.771129 -73.957723
45 1 9 4 1 2 0 40.751396 -74.005226
24 1 5 4 0 15 0 40.680440 -73.928420
24 0 0 4 1 10 2 40.678540 -73.913670
21 0 5 3 8 7 2 40.709340 -73.956080
25 0 17 4 9 15 1 40.644350 -73.965910
21 0 2 11 1 16 2 40.651654 -73.981231
37 0 20 4 27 6 2 40.702240 -73.982578
34 0 9 3 5 1 2 40.747182 -73.943264
27 0 26 4 17 1 2 40.686744 -73.990632
27 1 10 3 8 7 0 40.721791 -73.950415
19 0 1 7 3 10 2 40.708090 -73.895490
29 0 10 3 5 5 2 40.704118 -73.948186
21 0 4 5 7 0 2 40.742374 -73.956600
21 1 8 4 7 11 0 40.813991 -73.885500
27 0 6 6 5 16 2 40.708323 -73.948732
27 0 10 3 8 3 2 40.707165 -73.923711
19 0 12 1 11 0 2 40.761090 -73.888380
19 1 9 2 9 1 0 40.671907 -73.993612
48 0 4 17 7 30 2 40.782939 -73.978652
23 0 9 5 6 6 2 40.673636 -74.011956
30 1 10 2 12 5 0 40.745890 -73.899150
21 0 15 1 17 0 2 40.738130 -73.881040
21 0 3 4 6 4 2 40.745620 -73.924020
23 1 0 10 0 10 0 40.658489 -73.985543
22 0 13 1 11 0 1 40.752010 -73.899860
52 0 18 6 36 6 2 40.695065 -73.987167
20 0 14 1 14 5 1 40.656660 -73.931090
30 1 13 1 21 4 0 40.833909 -73.921120
33 0 14 8 8 13 2 40.790483 -73.950331
23 0 3 2 6 1 2 40.854660 -73.901500
40 0 8 13 7 32 1 40.773983 -73.930913
23 0 13 1 16 7 0 40.757270 -73.890240
20 1 13 3 11 0 0 40.764540 -73.871710
27 0 9 2 16 0 2 40.750525 -73.945948
69 0 10 8 2 5 2 40.742752 -73.984716
27 0 10 5 7 16 2 40.802926 -73.937900
22 1 10 3 3 4 0 40.802535 -73.953242
87 1 29 18 10 18 0 40.739445 -73.976806
30 0 18 4 14 3 2 40.753200 -73.853000
22 0 10 1 12 0 2 40.682755 -73.982586
23 1 5 4 1 7 0 40.754795 -73.917014
24 0 7 2 8 4 2 40.742830 -73.932100
44 0 16 7 16 7 2 40.688255 -73.995452
36 0 3 2 19 10 2 40.756404 -73.994101
22 0 3 2 6 4 2 40.753935 -73.883901
21 0 12 3 15 6 0 40.780013 -73.906676
35 0 13 2 15 16 2 40.705693 -74.016777
19 0 1 2 6 1 2 40.873980 -73.899430
19 0 12 1 15 3 1 40.749520 -73.902650
20 0 6 4 1 4 2 40.684940 -73.922990
28 0 3 10 11 13 2 40.703110 -73.895470
25 1 11 4 10 9 0 40.697950 -73.970776
23 0 15 2 17 0 2 40.655278 -74.003101
23 0 9 2 2 8 2 40.769247 -73.935450
67 1 31 5 27 1 0 40.723627 -73.999496
24 1 17 2 15 8 0 40.738320 -73.879130
21 0 8 1 11 0 2 40.851182 -73.914651
21 0 2 3 0 5 2 40.672420 -73.930940
54 0 9 8 1 0 2 40.739888 -73.989586
19 0 1 1 0 0 2 40.673720 -73.921990
25 0 12 1 19 0 2 40.755389 -73.911517
63 0 5 19 0 0 2 40.755273 -73.983169
25 0 14 0 18 0 2 40.750530 -73.897700
27 0 3 5 13 4 2 40.761149 -73.917007
69 0 7 9 0 0 2 40.739713 -73.994564
18 0 11 2 11 1 2 40.763990 -73.866900
39 0 16 2 15 0 2 40.702772 -73.993836
20 0 2 4 5 6 2 40.871560 -73.897140
21 1 0 5 1 1 0 40.852538 -73.934410
29 0 13 3 18 0 2 40.741327 -73.937999
18 1 1 3 2 2 0 40.843099 -73.889927
43 0 3 7 0 2 2 40.808200 -73.964100
39 1 5 14 3 19 0 40.778012 -73.954071
19 0 2 3 4 1 2 40.724190 -73.912440
19 0 15 1 16 0 2 40.650176 -74.015606
30 0 19 1 13 0 2 40.666197 -73.992466
21 1 10 2 8 4 0 40.783956 -73.916894
19 0 12 2 14 0 2 40.702997 -73.929970
73 1 31 18 26 10 0 40.781153 -73.949630
39 0 16 6 30 4 2 40.683046 -74.003486
30 0 17 4 2 4 1 40.706237 -73.933871
68 0 6 21 3 3 2 40.755003 -73.980144
21 0 1 4 0 4 2 40.670500 -73.930800
45 0 21 11 18 19 2 40.772900 -73.916142
23 0 2 13 2 17 2 40.869899 -73.920763
22 0 13 1 14 1 2 40.831584 -73.914900
43 0 1 25 4 28 2 40.785851 -73.954824
34 0 21 3 21 4 2 40.714067 -73.992939
22 0 6 4 6 3 2 40.686520 -73.913210
75 0 16 4 5 3 2 40.739017 -74.002638
25 0 6 4 1 7 2 40.695430 -73.919600
27 0 9 2 2 3 2 40.745248 -73.947333
24 0 4 5 4 3 2 40.698110 -73.909040
23 0 6 4 2 3 2 40.697576 -73.948881
22 0 3 4 3 4 2 40.693850 -73.909740
25 0 8 4 2 12 2 40.763414 -73.996674
21 1 16 2 17 2 0 40.738560 -73.885530
22 1 11 1 9 2 0 40.767680 -73.878990
79 0 15 1 7 3 2 40.735324 -73.998004
32 0 19 1 26 0 2 40.853646 -73.908731
22 0 8 4 14 5 2 40.652370 -73.956230
25 0 17 1 18 0 2 40.741000 -73.880270
22 1 5 2 5 2 0 40.718820 -73.939480
23 1 4 5 5 13 0 40.686360 -73.956780
20 1 0 3 1 5 0 40.869200 -73.901210
24 0 4 5 2 16 2 40.713532 -73.945987
31 0 18 1 9 0 2 40.670513 -73.988766
57 0 7 20 3 2 2 40.758281 -73.970694
19 1 12 2 18 1 0 40.644830 -73.961300
52 0 18 8 27 11 2 40.704633 -74.013617
18 0 6 2 11 0 2 40.720840 -73.948440
97 0 13 16 31 61 2 40.750585 -73.994685
34 0 13 2 26 0 2 40.731393 -73.982867
123 1 26 15 53 26 0 40.744219 -73.971212
21 0 5 3 6 7 2 40.819034 -73.956156
19 0 2 3 2 2 2 40.673510 -73.933630
21 1 0 5 20 0 0 40.855890 -73.927082
21 1 0 4 0 9 0 40.819746 -73.951819
19 0 0 2 0 1 2 40.832812 -73.929372
19 0 8 1 8 5 2 40.808633 -73.916124
25 0 2 7 3 0 2 40.701573 -73.908763
19 0 10 0 15 0 2 40.825737 -73.927311
70 1 18 4 54 1 0 40.732233 -73.988900
19 0 1 3 1 0 2 40.858340 -73.910080
94 1 39 7 33 26 0 40.726331 -73.986169
21 0 4 3 7 0 2 40.761294 -73.909562
23 0 2 9 1 19 2 40.699220 -73.897950
65 0 5 5 3 30 2 40.759291 -73.988597
28 1 2 5 1 6 0 40.746530 -73.891210
25 0 19 2 16 0 2 40.736280 -73.867520
19 0 7 5 11 5 2 40.698120 -73.902710
45 0 26 4 19 0 2 40.783964 -73.947167
19 0 7 3 5 7 2 40.753970 -73.862000
21 0 2 3 0 5 2 40.851980 -73.894380
23 0 8 4 6 5 2 40.813539 -73.945210
33 1 9 3 16 3 0 40.719116 -74.006667
21 1 12 1 13 2 0 40.829797 -73.931015
50 0 15 4 11 4 2 40.759125 -73.962658
24 0 12 6 7 12 2 40.644910 -73.954870
20 0 12 3 15 2 2 40.705390 -73.929760
32 0 5 2 14 13 2 40.771497 -73.990460
21 0 2 7 0 15 2 40.709290 -73.894410
21 0 17 1 16 2 2 40.831444 -73.926226
39 0 6 9 30 1 2 40.778968 -73.973747
21 0 0 2 1 3 2 40.822756 -73.951346
105 0 27 9 7 0 2 40.730207 -73.991026
19 0 3 5 0 17 2 40.697666 -73.984764
19 1 1 1 3 3 0 40.837037 -73.890413
47 0 7 13 26 0 2 40.692418 -73.989495
19 0 5 2 5 3 2 40.834124 -73.889550
23 0 6 9 10 7 2 40.807408 -73.919240
25 1 19 1 16 4 0 40.659690 -73.945170
25 0 7 6 5 6 2 40.688220 -73.919660
27 1 12 3 6 4 0 40.749207 -73.949373
31 0 3 2 5 1 2 40.763707 -73.985162
30 0 5 10 5 13 2 40.669590 -73.942370
43 0 4 7 5 25 2 40.773407 -73.977825
21 0 3 2 0 7 2 40.869450 -73.891480
19 0 3 2 1 0 2 40.815887 -73.911918
79 1 35 9 21 9 0 40.744363 -73.955873
27 0 13 3 14 3 2 40.812960 -73.941878
50 0 3 4 2 26 2 40.765959 -73.983135
26 0 5 2 0 0 2 40.827212 -73.942722
25 0 10 5 5 2 2 40.716657 -73.936370
20 0 12 1 10 1 2 40.827301 -73.896372
120 0 26 9 13 0 1 40.739376 -74.005208
19 0 8 2 8 1 2 40.703681 -73.954270
31 0 13 4 15 6 2 40.799139 -73.938915
20 0 2 5 6 8 2 40.875550 -73.902120
23 1 7 4 9 11 0 40.816960 -73.942296
25 0 11 2 11 4 2 40.797911 -73.942300
21 0 10 1 11 3 2 40.820681 -73.945144
23 0 14 4 20 0 2 40.878260 -73.905080
22 0 8 2 8 0 2 40.819783 -73.936521
24 0 0 4 3 1 2 40.821294 -73.947868
35 0 6 4 8 13 2 40.827305 -73.951989
38 0 25 6 12 1 2 40.734810 -73.874310
41 0 17 7 10 29 2 40.676530 -73.978469
24 1 1 3 0 1 0 40.825244 -73.947257
31 0 24 2 22 4 2 40.653500 -74.009020
29 0 2 5 5 7 2 40.673941 -73.960260
45 0 16 0 5 0 2 40.685126 -74.025353
23 0 3 2 8 2 1 40.754040 -73.868870
23 0 5 1 8 0 2 40.848354 -73.918389
45 0 2 2 20 1 2 40.754818 -73.988154
29 1 5 5 9 1 0 40.681390 -73.907560
22 0 4 7 8 8 2 40.713910 -73.902990
19 0 5 2 11 0 2 40.820570 -73.917579
63 0 5 23 13 43 2 40.786210 -73.975600
24 0 9 3 11 6 2 40.819241 -73.941057
24 0 9 5 1 6 2 40.653020 -73.945990
117 0 30 15 51 50 2 40.760094 -73.994618
23 1 6 2 6 2 0 40.807347 -73.908098
39 0 19 6 14 2 2 40.757284 -73.953600
27 0 16 2 18 0 2 40.702013 -73.923769
63 1 4 13 3 16 0 40.673134 -73.969106
19 0 2 2 9 2 1 40.676390 -73.927480
19 1 2 2 5 3 0 40.843264 -73.904867
25 0 1 11 1 21 2 40.647379 -74.000911
25 0 9 4 2 5 2 40.714690 -73.957390
17 0 8 2 12 1 1 40.801657 -73.909513
54 1 17 2 19 4 0 40.717571 -74.005549
25 0 0 7 0 0 2 40.804213 -73.966991
68 0 16 4 29 24 2 40.747833 -74.000572
23 0 7 5 4 16 2 40.743366 -73.959607
20 0 3 2 3 1 2 40.741930 -73.909130
42 1 16 4 15 6 0 40.740057 -74.005274
19 0 1 9 0 5 2 40.715922 -73.906014
24 1 5 7 0 24 0 40.649983 -74.005144
19 0 0 0 0 0 2 40.734436 -73.937908
19 0 5 2 8 2 2 40.884170 -73.897930
55 1 0 0 0 0 0 40.764734 -73.991944
19 0 3 1 0 0 2 40.742218 -73.929352
23 0 13 2 12 6 2 40.651354 -74.007168
27 0 9 4 1 0 2 40.739614 -73.945151
36 0 13 6 7 0 2 40.727897 -74.005363
84 0 4 5 5 2 2 40.752271 -73.987706
24 0 6 5 5 14 2 40.710369 -73.947060
27 0 6 4 3 6 2 40.744831 -73.938411
25 0 17 1 12 1 2 40.850140 -73.898180
33 0 15 3 15 5 2 40.788640 -73.943600
23 0 2 2 10 8 2 40.747574 -73.978801
39 0 26 1 24 1 2 40.673746 -73.985649
18 0 7 1 7 2 2 40.748380 -73.906990
27 1 4 3 6 7 0 40.751047 -73.937970
27 0 15 2 20 0 2 40.822217 -73.928939
27 0 12 3 4 17 2 40.745038 -73.957539
21 0 7 2 9 3 2 40.782465 -73.914527
53 0 6 20 3 2 2 40.755393 -73.977601
25 0 3 1 7 1 2 40.750910 -73.891110
23 1 8 2 10 5 0 40.817245 -73.938787
21 0 2 6 0 4 2 40.737370 -73.918030
19 0 5 6 3 8 2 40.741100 -73.888370
21 0 15 2 14 0 2 40.658200 -73.933800
27 1 7 0 13 7 0 40.736529 -74.006180
19 0 3 5 6 5 2 40.684540 -73.932200
41 0 8 9 2 5 2 40.680611 -73.994758
120 0 51 11 46 11 2 40.714948 -74.002345
22 0 15 2 9 4 2 40.741540 -73.874840
20 0 5 7 12 3 2 40.651745 -73.975988
20 0 7 7 10 5 2 40.645074 -73.979681
23 1 2 4 2 8 0 40.675140 -73.947160
21 0 11 2 17 2 2 40.853220 -73.905460
23 0 4 2 4 0 2 40.699105 -73.960633
24 0 0 1 1 1 2 40.846276 -73.909313
15 0 10 1 12 1 1 40.730280 -73.904210
43 0 2 4 5 17 1 40.771183 -73.964094
25 0 2 12 2 20 2 40.857900 -73.881470
45 0 15 2 28 0 2 40.716885 -74.006501
25 1 1 5 0 3 0 40.859166 -73.933872
27 1 10 3 15 4 0 40.781450 -73.918330
21 0 2 6 0 3 2 40.877964 -73.884755
20 1 5 3 8 4 0 40.836274 -73.884308
19 0 14 1 12 6 1 40.757040 -73.892400
19 0 1 2 3 2 2 40.676070 -73.921710
85 0 8 26 0 7 2 40.764555 -73.973473
22 0 12 5 13 5 2 40.646830 -73.949330
28 1 27 9 12 1 0 40.719888 -74.008627
51 0 11 14 10 25 2 40.687645 -73.969689
22 0 15 0 20 0 2 40.845505 -73.914311
20 0 2 3 3 5 2 40.672970 -73.938960
21 0 7 10 11 4 2 40.883240 -73.905870
22 0 2 5 2 6 2 40.759510 -73.864910
21 0 4 3 4 9 2 40.721226 -73.941845
21 0 5 8 3 14 2 40.723530 -73.899670
23 0 6 4 4 4 2 40.670484 -73.982090
22 0 6 3 8 4 2 40.716380 -73.948213
30 0 2 10 4 4 2 40.643371 -74.011884
31 0 2 13 7 14 2 40.861490 -73.881030
45 1 16 5 12 3 0 40.725117 -73.999305
40 1 20 5 19 11 0 40.713322 -73.990097
20 0 5 3 1 4 2 40.685650 -73.915640
20 0 2 1 0 0 2 40.848793 -73.903178
25 0 3 11 6 14 2 40.882240 -73.891360
39 0 6 8 16 0 2 40.783400 -73.980931
25 0 3 1 5 15 2 40.839549 -73.913004
19 1 8 2 9 7 0 40.768200 -73.932266
24 1 13 3 15 8 0 40.651060 -73.941930
18 1 11 1 16 0 0 40.763130 -73.877200
31 1 18 5 17 5 0 40.786259 -73.945526
35 0 26 2 16 15 2 40.679770 -73.984700
35 0 22 4 14 7 2 40.861748 -73.891050
23 0 11 3 13 7 2 40.795508 -73.941606
19 1 13 1 15 3 0 40.656986 -73.998194
25 0 7 5 7 0 2 40.741130 -73.942518
19 0 10 2 9 1 2 40.760185 -73.936273
20 0 2 1 1 3 2 40.743240 -73.908000
34 0 16 5 12 13 2 40.861382 -73.925591
20 0 4 6 0 13 2 40.697230 -73.898110
20 0 7 2 8 1 2 40.826706 -73.888719
23 1 4 5 11 10 0 40.686312 -73.935775
19 0 5 2 3 10 2 40.721580 -73.945460
20 0 1 3 0 0 2 40.843965 -73.920999
30 0 13 7 17 11 2 40.885240 -73.900770
21 0 4 7 2 8 1 40.686679 -73.947417
39 0 6 9 1 21 2 40.795000 -73.964500
51 1 5 28 2 4 0 40.759711 -73.974023
19 1 4 4 4 8 0 40.682601 -73.938037
19 0 2 5 7 5 2 40.676690 -73.944370
21 0 7 7 5 7 2 40.739880 -73.860120
30 0 3 6 0 1 2 40.749080 -73.891720
21 0 7 0 12 5 2 40.831730 -73.922394
57 0 9 8 17 4 2 40.712733 -74.004607
19 0 4 2 7 0 2 40.757630 -73.886820
19 1 8 6 10 9 0 40.648005 -73.979342
21 1 4 2 5 1 0 40.737817 -73.930241
23 0 2 4 2 5 2 40.763422 -73.914142
19 0 3 5 4 9 2 40.843350 -73.882470
20 0 3 5 13 3 2 40.676860 -73.936070
21 0 2 1 1 3 2 40.824956 -73.891677
107 0 43 12 37 14 2 40.727408 -73.981420
20 0 10 4 5 12 2 40.862562 -73.922661
35 0 19 4 18 11 2 40.689395 -73.999513
24 0 7 4 14 7 2 40.739414 -73.921320
24 1 11 8 2 21 0 40.651590 -73.935350
87 0 29 3 35 0 2 40.721854 -74.007718
60 0 15 13 4 3 2 40.724561 -73.995653
23 0 4 5 8 7 2 40.769673 -73.906018
23 0 14 4 7 7 2 40.652720 -73.949940
87 0 16 7 37 12 2 40.750020 -73.969053
23 0 5 7 1 8 2 40.685144 -73.953809
39 0 22 3 12 1 2 40.718389 -73.961501
19 0 4 2 14 3 1 40.826960 -73.907451
19 0 8 1 9 0 2 40.832649 -73.885272
21 0 11 3 16 0 2 40.683320 -73.917110
19 0 3 2 5 5 2 40.826303 -73.898751
23 0 7 7 2 5 2 40.698617 -73.941342
19 0 2 4 0 11 2 40.689493 -73.942061
44 1 17 7 26 1 0 40.703144 -74.013178
43 1 6 2 13 3 0 40.735445 -73.994310
20 1 7 3 3 6 0 40.713126 -73.984844
25 0 13 4 9 3 2 40.650070 -73.960010
38 1 11 4 27 5 0 40.827883 -73.927111
19 0 3 4 3 10 2 40.759570 -73.914268
18 0 9 1 4 0 2 40.702726 -73.949840
65 0 12 4 40 19 2 40.754610 -73.991770
19 0 2 1 5 4 2 40.840683 -73.915073
25 0 6 4 4 1 2 40.712605 -73.962644
21 0 4 4 8 8 2 40.745210 -73.904620
19 0 0 6 3 4 2 40.878120 -73.891920
43 1 5 6 22 16 0 40.775160 -73.989187
79 0 28 16 21 5 2 40.768974 -73.954823
19 0 13 1 15 4 0 40.754730 -73.894580
61 0 15 3 19 21 2 40.745497 -74.001971
59 0 6 22 0 1 2 40.761330 -73.979820
22 1 1 1 1 4 0 40.847610 -73.907450
22 1 5 12 1 19 0 40.751380 -73.862420
21 0 5 3 4 6 2 40.764700 -73.924031
56 0 5 7 8 0 2 40.745985 -73.986295
51 0 10 4 5 9 2 40.729170 -73.998102
35 0 7 3 1 1 2 40.738177 -73.977387
79 0 15 3 17 5 2 40.735367 -73.987974
56 0 21 5 19 3 2 40.727103 -74.002971
20 1 4 3 4 4 0 40.758360 -73.878240
31 0 8 4 17 0 2 40.769918 -73.918406
19 0 7 6 15 1 2 40.644540 -73.944860
39 0 5 5 2 2 2 40.692362 -73.986317
31 1 8 8 5 19 0 40.681860 -73.959432
50 0 9 20 29 16 2 40.692395 -73.993379
23 0 7 2 21 0 2 40.821239 -73.917330
30 0 15 2 4 4 2 40.725066 -73.975158
21 0 7 2 2 4 2 40.744630 -73.873860
21 0 11 1 15 2 2 40.662584 -73.995554
24 0 7 4 11 6 2 40.715342 -73.938651
19 1 5 1 7 1 0 40.716075 -73.952029
19 0 9 3 3 1 2 40.785994 -73.915098
27 0 2 10 1 1 2 40.646351 -74.009271
19 0 3 1 4 4 2 40.829950 -73.898802
25 1 7 5 10 4 0 40.680342 -73.955769
19 1 7 2 3 6 0 40.745490 -73.906050
36 0 18 5 0 0 2 40.798786 -73.952300
22 1 11 5 7 6 0 40.649150 -73.943680
27 0 14 4 14 12 1 40.747130 -73.855020
26 0 9 3 9 3 2 40.719293 -73.945004
19 0 2 2 0 0 2 40.742880 -73.892830
28 0 4 6 8 14 2 40.693083 -73.971789
48 0 30 3 19 9 2 40.713079 -73.998512
35 1 9 2 9 2 0 40.686832 -73.979677
54 0 11 4 32 2 2 40.733812 -73.980544
39 0 3 10 4 15 2 40.810949 -73.963400
24 0 17 1 22 1 1 40.662611 -73.998623
36 0 5 10 9 17 2 40.695224 -73.995989
66 0 6 28 9 4 2 40.763026 -73.972095
21 0 15 1 14 0 2 40.840536 -73.919228
23 0 6 5 4 4 2 40.708531 -73.964090
117 0 4 5 2 10 1 40.765265 -73.981923
21 0 9 4 11 10 0 40.869325 -73.915198
24 1 4 2 1 1 0 40.744365 -73.931724
45 0 3 18 6 22 1 40.778627 -73.957721
48 1 6 18 0 1 0 40.763406 -73.977225
24 0 3 8 6 10 1 40.692371 -73.937054
79 0 23 8 37 23 1 40.762009 -73.996975
26 0 2 2 6 0 1 40.752900 -73.875360
55 0 12 8 28 6 1 40.760301 -73.998842
79 0 9 5 18 5 1 40.744876 -73.995299
27 1 6 16 0 27 0 40.638246 -74.024714
19 0 6 2 11 0 1 40.749550 -73.854640
27 1 13 3 15 4 0 40.787721 -73.947283
25 1 4 5 1 5 0 40.742400 -73.918080
33 0 14 4 23 5 1 40.803865 -73.955931
19 0 5 4 6 1 1 40.705381 -73.949765
29 0 4 9 4 12 1 40.666318 -73.985462
27 0 4 4 4 10 1 40.685396 -73.974315
20 0 9 2 7 10 1 40.655190 -73.956400
21 1 8 1 3 0 0 40.674340 -74.001947
20 0 2 3 1 0 1 40.740860 -73.917080
23 1 12 3 14 8 0 40.660350 -73.956790
47 1 23 5 6 18 0 40.722293 -73.991475
35 1 23 5 26 5 0 40.790305 -73.947558
19 0 0 2 0 6 1 40.849629 -73.919205
24 0 4 7 4 4 1 40.694010 -73.994651
37 0 19 4 24 2 1 40.712859 -73.965903
24 1 3 4 3 0 0 40.848282 -73.941343
19 1 4 2 9 2 0 40.755740 -73.903427
20 0 8 2 16 2 1 40.658150 -73.956740
35 1 28 1 25 4 0 40.645705 -74.020292
43 0 10 5 21 4 1 40.709601 -74.006551
21 0 5 2 10 0 1 40.830471 -73.904556
43 1 5 18 2 17 0 40.758630 -73.975130
20 0 3 2 5 5 1 40.693800 -73.931140
27 0 3 2 0 10 1 40.754370 -73.878330
45 0 18 6 14 13 1 40.717318 -73.990678
72 1 17 7 30 3 0 40.724310 -74.004730
26 1 12 4 16 9 0 40.789253 -73.939562
19 0 6 2 1 1 1 40.841092 -73.892317
60 0 9 3 5 1 1 40.743349 -74.006818
24 0 2 6 2 15 1 40.676368 -73.952918
25 0 5 1 8 0 1 40.699280 -73.953259
24 0 10 4 7 4 1 40.688200 -73.907980
23 0 6 7 4 0 1 40.689670 -73.975274
23 0 2 4 0 0 1 40.859410 -73.898500
33 0 8 7 4 0 1 40.722104 -73.997249
19 0 0 2 0 0 1 40.875531 -73.886386
23 0 7 4 7 5 1 40.768692 -73.924957
54 0 15 7 11 0 1 40.713342 -74.009355
23 0 8 7 16 5 1 40.756140 -73.860840
19 0 11 1 11 1 1 40.738800 -73.903380
23 1 14 3 16 3 0 40.671540 -73.914330
30 0 2 1 0 3 1 40.747970 -73.882040
21 1 12 3 6 3 0 40.704508 -73.935100
25 0 12 3 18 0 1 40.786995 -73.941648
45 0 16 7 20 1 0 40.722281 -73.976687
25 0 1 6 3 13 1 40.672695 -73.954131
21 0 2 4 0 5 1 40.673080 -73.941910
20 0 4 2 1 0 1 40.871190 -73.899180
65 1 29 6 50 8 0 40.708380 -74.004950
26 0 6 11 1 23 1 40.712250 -73.891110
28 1 7 11 2 5 0 40.717452 -73.958509
19 0 1 6 1 12 1 40.880294 -73.886065
48 0 12 5 12 13 1 40.729848 -73.974552
19 0 5 3 4 5 1 40.763359 -73.928647
67 0 5 4 35 25 1 40.749640 -73.988050
36 1 10 7 14 8 0 40.753702 -73.958652
23 0 3 4 6 0 1 40.838191 -73.936085
21 1 11 5 2 18 0 40.649681 -73.967829
26 0 13 5 16 6 1 40.763155 -73.939855
51 0 4 13 24 19 1 40.780184 -73.977285
21 0 5 5 5 3 1 40.771394 -73.907744
35 0 4 3 4 7 1 40.751870 -73.933493
21 0 3 7 4 8 1 40.677592 -73.955637
24 0 17 1 19 0 1 40.847310 -73.899810
27 0 4 5 1 1 1 40.756513 -73.929575
29 1 3 3 0 0 0 40.757973 -73.966033
21 0 3 3 6 1 1 40.850250 -73.893010
19 0 10 2 15 0 1 40.770888 -73.889914
31 0 17 1 15 0 1 40.719383 -73.991479
27 1 6 6 1 7 0 40.680484 -73.964680
20 1 4 4 4 7 0 40.770200 -73.875870
28 0 1 6 0 3 1 40.672168 -73.960900
23 0 5 3 6 16 1 40.684751 -73.999173
39 0 2 12 5 25 1 40.791956 -73.968087
67 1 22 13 32 5 0 40.727064 -73.996621
22 0 10 1 14 5 1 40.819006 -73.944769
19 0 16 0 14 2 1 40.661780 -73.934450
22 0 4 3 5 7 1 40.846960 -73.886630
35 1 15 6 4 6 0 40.684989 -73.994403
29 1 11 5 17 5 0 40.801487 -73.944251
31 0 14 2 4 1 1 40.691780 -73.978770
32 1 7 4 10 6 0 40.868740 -73.896570
77 0 36 2 22 5 1 40.686444 -73.987591
29 0 1 8 0 1 1 40.661063 -73.979453
54 1 34 2 39 1 0 40.701405 -73.987680
37 0 6 12 0 8 1 40.766638 -73.953483
19 0 7 2 13 2 1 40.757420 -73.945133
25 0 5 4 8 2 1 40.678724 -73.995991
31 0 13 4 8 5 1 40.725819 -73.950815
22 0 2 5 6 10 1 40.667320 -73.933980
27 1 11 3 5 3 0 40.804038 -73.945925
33 0 2 12 4 1 1 40.675021 -73.971115
23 0 10 6 7 12 1 40.748750 -73.862850
47 0 22 5 25 1 1 40.720798 -73.954847
41 1 13 5 13 20 0 40.694749 -73.983625
41 0 8 3 10 0 1 40.755293 -73.967641
19 0 7 4 11 0 1 40.774591 -73.918544
23 1 6 3 1 3 0 40.705614 -73.921530
27 0 5 3 7 0 1 40.665816 -73.956934
31 0 11 4 13 0 1 40.698458 -73.997178
19 0 6 2 10 1 1 40.718880 -73.914270
38 0 12 3 13 5 1 40.717662 -73.948800
23 0 15 2 16 1 1 40.653300 -73.936440
23 0 1 2 0 11 1 40.824686 -73.951947
27 0 10 4 15 0 1 40.702700 -73.920950
81 0 14 5 15 6 1 40.742990 -73.977110
21 1 10 3 14 5 0 40.701080 -73.917900
24 0 1 8 2 6 1 40.659491 -73.980139
27 1 13 1 19 0 0 40.681970 -73.980340
42 0 15 10 17 17 1 40.735550 -73.952840
19 0 12 2 15 2 1 40.764660 -73.888030
45 1 6 15 5 35 0 40.802692 -73.962950
69 0 18 8 8 2 1 40.728547 -73.981759
19 0 2 4 9 2 1 40.839229 -73.899047
60 1 4 9 4 4 0 40.750380 -73.983390
47 0 14 4 6 10 1 40.734312 -73.983725
36 0 7 4 3 28 1 40.714211 -73.981095
40 0 6 3 17 1 1 40.688626 -73.985191
39 1 21 3 15 10 0 40.719240 -73.952420
20 0 12 2 9 0 1 40.706860 -73.928510
54 0 29 2 15 0 1 40.720368 -73.961651
32 0 5 7 2 3 1 40.695440 -73.932230
46 0 22 5 34 6 1 40.709267 -74.013247
21 0 10 5 10 2 1 40.651530 -73.962770
19 0 2 1 0 0 1 40.672610 -73.919770
18 1 4 2 6 4 0 40.685376 -73.983021
19 0 2 3 3 3 1 40.705770 -73.912920
19 0 1 7 3 3 1 40.704130 -73.907370
19 0 10 2 10 4 1 40.774850 -73.934200
22 0 3 1 3 9 1 40.746229 -73.916163
59 0 18 5 22 7 1 40.768333 -73.992573
21 0 6 5 3 3 1 40.747371 -73.947773
29 0 7 6 16 2 1 40.711863 -73.944024
18 1 2 7 4 10 0 40.700550 -73.894300
35 0 13 5 24 0 1 40.686630 -73.916800
35 0 5 5 0 1 1 40.721319 -74.010065
19 0 14 1 15 0 1 40.857240 -73.890900
19 0 0 2 0 3 1 40.832057 -73.927421
21 0 1 10 1 5 1 40.660938 -73.986804
27 0 11 3 9 3 1 40.816234 -73.948222
16 0 13 0 15 0 1 40.800425 -73.911034
19 0 3 5 1 6 1 40.684020 -73.949770
30 0 10 6 17 6 1 40.814394 -73.953247
19 0 8 1 11 3 1 40.826677 -73.929327
23 0 5 7 4 16 1 40.660500 -73.962600
39 1 3 1 14 1 0 40.699918 -73.989718
19 0 10 2 13 5 0 40.768170 -73.896293
23 0 7 1 8 3 1 40.848330 -73.909710
25 0 9 3 13 0 1 40.800672 -73.934900
21 0 5 6 10 5 1 40.870496 -73.881876
36 0 8 1 2 0 1 40.740983 -74.001702
20 0 4 4 2 12 1 40.697481 -73.935877
19 0 3 4 4 1 1 40.697200 -73.906740
19 0 9 2 2 0 1 40.676374 -74.003250
31 0 14 5 22 3 1 40.802557 -73.949078
23 0 1 2 5 2 1 40.805559 -73.914718
23 1 4 4 1 3 0 40.760083 -73.907107
32 0 5 7 0 2 1 40.793770 -73.971888
58 0 38 2 28 21 1 40.698399 -73.980689
29 0 21 1 21 0 1 40.850121 -73.910765
19 0 5 6 5 10 1 40.684568 -73.958811
21 0 14 1 17 0 1 40.834015 -73.908863
19 0 5 1 3 4 1 40.806896 -73.911837
23 0 11 2 14 3 1 40.805089 -73.918889
23 0 14 3 17 0 1 40.707174 -73.935810
19 0 12 2 13 4 1 40.763280 -73.884040
78 1 4 5 1 2 0 40.750977 -73.987654
20 0 1 8 1 7 1 40.659053 -73.988540
21 0 8 2 10 0 1 40.814232 -73.903927
40 0 8 7 6 3 1 40.796935 -73.964341
57 0 15 18 9 2 1 40.715338 -74.016584
27 0 18 1 20 0 1 40.754176 -73.900318
23 0 3 2 2 2 1 40.813135 -73.909235
27 0 1 5 2 7 1 40.676513 -73.959431
22 0 6 5 13 4 1 40.808384 -73.923604
19 0 8 4 8 9 1 40.679433 -74.007850
25 0 5 5 15 0 1 40.683200 -73.911666
79 0 4 11 6 21 1 40.766953 -73.981693
31 1 17 2 24 3 0 40.807832 -73.949373
43 0 10 7 3 20 1 40.768254 -73.988639
17 0 5 5 6 7 1 40.689890 -73.914580
24 0 10 3 17 3 1 40.820877 -73.939249
25 0 5 2 7 2 1 40.816124 -73.908116
84 0 21 6 29 12 1 40.735877 -73.982050
23 0 8 2 2 5 1 40.868487 -73.888456
55 0 32 6 31 14 1 40.696102 -73.967510
54 0 22 8 31 8 1 40.715348 -73.960241
15 0 7 3 10 0 1 40.715738 -73.986990
23 0 10 2 9 6 1 40.753970 -73.857480
21 0 5 4 6 7 1 40.666287 -73.988951
43 0 4 15 0 26 1 40.788390 -73.974700
20 0 3 4 10 0 1 40.747510 -73.893720
19 0 3 2 4 3 1 40.754730 -73.933670
18 0 1 2 2 4 1 40.866480 -73.890420
33 1 11 3 16 8 0 40.826406 -73.937948
21 0 6 2 6 0 1 40.813224 -73.930605
23 0 5 4 0 0 1 40.710190 -73.937340
21 0 5 4 5 0 1 40.695590 -73.899270
29 0 13 3 17 1 1 40.715815 -73.994224
22 0 4 4 5 0 1 40.835775 -73.943400
78 0 5 26 0 0 1 40.761670 -73.982560
33 0 6 1 13 12 1 40.758985 -73.993800
61 0 13 5 12 5 1 40.706842 -73.954435
23 0 6 5 8 6 1 40.705109 -73.944073
30 0 22 2 24 0 1 40.859850 -73.891350
39 0 12 5 16 14 1 40.772370 -73.990050
20 0 0 0 4 1 1 40.826881 -73.941427
25 0 6 5 2 4 1 40.679331 -73.975195
27 0 14 4 13 9 1 40.871390 -73.914318
30 0 10 9 9 0 1 40.689290 -73.909510
29 0 5 2 19 0 1 40.818990 -73.902020
19 0 12 1 8 0 1 40.830702 -73.936371
37 0 15 2 21 0 1 40.720540 -73.994900
51 0 2 11 1 2 1 40.759738 -73.978116
23 0 7 4 3 9 1 40.772768 -73.927436
20 1 5 4 1 0 0 40.682820 -73.934880
27 1 11 2 15 9 0 40.807220 -73.941800
19 0 9 1 13 0 1 40.830262 -73.923391
20 0 1 4 4 1 1 40.829523 -73.944279
49 0 22 9 39 3 1 40.714852 -74.011223
44 0 9 3 27 7 1 40.751102 -73.940737
17 0 1 7 1 8 1 40.708630 -73.914970
25 1 6 4 5 7 0 40.757728 -73.916637
25 1 6 5 18 1 0 40.754139 -73.919543
21 1 11 2 10 1 0 40.820713 -73.911759
21 0 13 4 16 3 1 40.742780 -73.862260
39 1 7 1 30 9 0 40.703172 -73.940636
34 0 2 10 5 17 1 40.800836 -73.966449
19 0 12 1 15 2 1 40.823884 -73.897403
20 0 7 3 11 0 1 40.727950 -73.954140
35 0 9 7 2 28 1 40.735217 -73.954926
51 1 17 6 11 2 0 40.718170 -73.955201
25 0 8 11 2 19 1 40.880660 -73.900760
22 0 17 1 17 0 1 40.662686 -73.931755
19 1 9 2 12 4 0 40.865570 -73.888070
24 1 16 2 22 0 0 40.673740 -73.908520
23 0 17 1 11 0 1 40.656330 -73.936480
22 0 3 7 3 5 1 40.677600 -73.949630
19 0 3 1 2 7 1 40.756351 -73.936515
25 1 13 3 20 4 0 40.841880 -73.885500
36 0 13 10 16 5 1 40.743101 -73.854669
30 1 2 7 2 3 0 40.668757 -73.966438
59 0 24 7 27 14 1 40.708066 -74.013560
21 0 7 4 11 4 1 40.774798 -73.903787
32 0 10 7 8 1 1 40.690238 -73.992031
30 1 15 4 12 12 0 40.742810 -73.882960
21 0 6 8 0 4 1 40.643546 -73.986418
22 0 3 1 1 0 1 40.748640 -73.876190
19 0 0 9 0 10 1 40.640831 -74.010996
30 1 2 12 1 16 0 40.705750 -73.896760
63 1 3 11 1 1 0 40.761865 -73.977242
28 0 7 12 0 21 1 40.761380 -73.860350
23 0 5 4 11 2 1 40.757672 -73.907699
22 0 3 1 0 0 1 40.846011 -73.919637
15 0 2 6 9 5 0 40.698800 -73.900700
34 0 4 2 5 2 1 40.682564 -73.979898
21 0 1 6 0 0 1 40.853188 -73.927158
22 0 8 9 12 6 1 40.646210 -73.930670
21 0 8 1 11 3 1 40.824811 -73.916407
33 1 3 5 3 2 0 40.772828 -73.966853
24 0 4 3 14 2 1 40.855010 -73.910751
20 1 1 1 0 7 0 40.864921 -73.902424
25 0 6 3 1 0 1 40.699430 -73.913370
21 0 7 2 10 0 1 40.760220 -73.877740
19 0 0 6 1 6 1 40.878690 -73.898620
25 0 4 3 4 9 0 40.679220 -73.921920
30 0 8 16 5 23 1 40.881850 -73.902910
30 0 1 6 14 5 1 40.852252 -73.937854
51 1 28 9 21 18 0 40.719786 -73.978716
22 1 7 5 11 10 0 40.680780 -73.946130
31 0 20 2 20 11 0 40.766800 -73.934777
20 0 5 5 3 1 1 40.761340 -73.866660
23 0 7 2 5 2 1 40.834098 -73.948350
19 0 1 2 0 0 1 40.856302 -73.907302
66 1 8 9 11 17 0 40.745260 -73.990620
19 0 2 1 0 13 1 40.743340 -73.899030
24 0 4 5 9 0 1 40.680120 -73.953620
54 0 18 3 14 30 1 40.731539 -73.985302
81 0 6 19 3 15 1 40.766741 -73.979069
19 0 2 2 7 3 1 40.713340 -73.915720
117 0 64 16 51 14 1 40.716060 -73.991910
25 0 7 2 1 0 1 40.679550 -73.947090
54 1 31 4 25 21 0 40.701334 -73.984712
23 0 17 1 11 0 1 40.854550 -73.895070
49 1 10 2 16 8 0 40.750664 -74.001768
19 0 3 2 1 5 1 40.737872 -73.922641
25 0 10 2 9 4 1 40.745805 -73.950752
21 1 2 2 5 6 0 40.677170 -73.922850
19 0 11 3 2 4 1 40.764280 -73.891560
19 0 4 2 12 1 1 40.829896 -73.907618
23 0 7 11 8 14 1 40.878070 -73.907960
20 0 3 5 1 4 1 40.689730 -73.933530
21 1 4 2 3 1 0 40.847490 -73.894640
33 0 7 3 5 18 1 40.747968 -73.996637
29 0 12 7 8 6 1 40.642809 -73.979239
37 1 9 11 1 4 0 40.767549 -73.920933
21 1 7 6 7 11 0 40.873055 -73.918372
25 1 1 0 3 0 0 40.745860 -73.885390
23 0 10 4 10 8 1 40.653780 -73.952730
44 0 9 2 14 2 1 40.742388 -73.997262
22 0 7 8 1 18 1 40.638566 -74.010147
20 0 13 1 16 4 0 40.647718 -73.973663
30 0 15 6 10 18 1 40.651847 -73.965248
24 0 6 3 7 11 1 40.678184 -74.017017
20 0 3 2 4 5 1 40.818212 -73.955277
25 1 7 8 3 21 0 40.768728 -73.890745
25 1 8 6 6 12 0 40.651160 -73.945770
23 1 10 2 12 7 0 40.695807 -73.973556
20 0 10 2 16 1 1 40.687632 -74.001626
45 0 17 3 18 2 1 40.703782 -73.990734
27 0 4 5 15 1 1 40.840040 -73.942939
31 0 16 5 18 11 1 40.801194 -73.950074
15 1 2 4 1 12 0 40.704970 -73.899650
23 0 15 1 10 3 1 40.665507 -73.993037
30 0 8 12 13 14 1 40.746120 -73.852720
19 1 14 1 12 7 0 40.733940 -73.901280
111 0 25 11 37 20 1 40.712547 -74.011131
39 0 1 9 3 15 1 40.672968 -73.970880
61 0 19 5 19 2 1 40.728401 -73.999688
21 0 4 2 1 0 1 40.670150 -73.925380
24 0 1 11 1 17 1 40.648169 -74.000057
19 0 1 1 1 0 1 40.835877 -73.893143
19 0 1 4 2 2 1 40.667941 -73.958800
32 1 13 8 20 7 0 40.868140 -73.881450
19 1 4 1 5 0 0 40.757631 -73.939122
22 0 2 5 0 1 1 40.757480 -73.868430
80 0 9 3 9 0 1 40.741459 -73.983293
19 0 2 5 2 15 1 40.688231 -73.966804
20 0 3 2 6 5 1 40.742900 -73.913950
20 1 12 3 11 5 0 40.863211 -73.920827
19 0 3 8 9 9 1 40.793220 -73.923960
24 0 9 3 4 11 1 40.797521 -73.948940
21 1 3 4 0 6 0 40.666390 -73.953460
23 0 5 2 8 3 1 40.752372 -73.925384
19 0 2 2 1 2 1 40.824796 -73.902420
27 0 4 7 1 14 1 40.682166 -73.953990
74 0 19 8 35 21 1 40.732916 -74.007114
34 1 16 4 8 10 0 40.811432 -73.951878
21 0 17 1 19 0 1 40.758400 -73.895310
23 0 1 3 5 7 1 40.757550 -73.864540
81 0 7 33 11 1 1 40.760660 -73.980420
68 0 38 9 57 6 1 40.704718 -74.009260
19 0 7 1 8 6 1 40.695734 -73.971297
25 1 1 7 2 15 0 40.671198 -73.974841
45 0 11 4 14 0 1 40.721700 -74.002381
55 0 16 9 16 10 1 40.720828 -73.977932
59 1 13 11 13 16 0 40.793135 -73.977004
27 1 17 1 10 4 0 40.646377 -74.023087
37 1 12 6 21 5 0 40.712912 -74.010202
53 0 23 8 31 6 1 40.705310 -74.006130
37 0 9 2 2 4 1 40.700300 -73.991581
19 0 9 2 9 5 1 40.853827 -73.920765
80 0 37 2 31 0 1 40.731270 -73.988490
35 0 10 2 21 0 1 40.724055 -74.009660
25 0 9 1 19 0 1 40.750980 -73.907990
55 1 16 7 16 16 0 40.767272 -73.993929
21 1 0 4 0 10 0 40.836706 -73.926089
25 1 7 2 9 3 0 40.758058 -73.924275
19 0 4 4 6 2 1 40.684870 -73.929300
63 0 10 12 5 16 1 40.749499 -73.977292
28 0 3 7 1 1 1 40.773763 -73.962221
21 0 12 4 7 6 1 40.643817 -73.977433
27 0 6 4 0 0 1 40.818154 -73.925294
57 0 16 2 18 1 1 40.730477 -73.999061
33 0 6 0 20 0 1 40.779770 -73.923162
27 1 19 2 20 4 0 40.659176 -74.006584
79 0 28 11 23 33 1 40.720664 -73.985180
21 0 6 3 6 4 1 40.681580 -73.919590
19 0 2 1 0 2 1 40.831305 -73.917448
19 1 4 5 0 14 0 40.686768 -73.959282
77 1 6 16 4 6 0 40.763189 -73.978434
19 0 1 6 3 6 1 40.710320 -73.899550
24 0 15 4 20 1 1 40.657070 -73.950050
84 0 20 3 23 15 1 40.743453 -74.000040
57 0 10 5 3 12 1 40.741724 -73.978093
21 0 5 6 7 0 1 40.717980 -73.918180
101 0 10 10 20 32 1 40.746201 -73.988557
33 1 11 4 14 8 0 40.759107 -73.959223
19 0 8 4 7 8 1 40.693317 -73.953820
20 0 1 2 1 7 1 40.666880 -73.942500
22 0 16 1 11 7 1 40.649292 -74.020105
24 0 3 5 4 3 1 40.695357 -73.993440
19 1 7 0 10 2 0 40.845520 -73.917220
36 1 9 8 9 23 0 40.708704 -73.944862
52 0 11 9 14 8 1 40.695977 -73.990149
23 1 7 2 14 6 0 40.748930 -73.899810
21 0 6 7 7 7 1 40.760860 -73.873080
19 0 3 5 3 7 1 40.697150 -73.893600
19 0 4 0 9 0 1 40.748910 -73.908990
56 1 1 16 0 8 0 40.753547 -73.978966
19 0 5 3 2 5 1 40.759580 -73.882190
79 0 8 11 0 0 1 40.759345 -73.967597
19 0 6 2 8 2 1 40.664323 -73.959218
19 0 7 3 8 4 1 40.696620 -73.900560
31 1 7 2 13 4 0 40.823732 -73.919379
35 0 20 4 19 6 1 40.709918 -73.991611
39 0 5 3 11 5 1 40.762699 -73.993012
24 0 11 5 21 1 1 40.865364 -73.927910
27 0 9 2 17 0 1 40.753441 -73.912402
19 1 7 1 10 1 0 40.839335 -73.886445
21 0 2 5 3 8 1 40.713010 -73.909680
25 0 8 1 10 4 1 40.750098 -73.913497
19 0 13 2 16 0 1 40.844370 -73.877960
66 0 19 3 24 9 1 40.744751 -73.999154
93 0 44 16 42 34 1 40.703367 -74.007868
25 0 1 10 0 13 1 40.658029 -73.989605
84 0 5 12 4 76 1 40.749156 -73.991600
35 1 15 14 13 20 0 40.639978 -74.023240
19 1 7 2 5 6 0 40.855653 -73.905528
43 1 6 18 8 19 0 40.775744 -73.956375
43 0 3 12 2 27 1 40.777480 -73.982886
21 0 6 6 5 6 1 40.703890 -73.891160
30 0 1 6 3 7 1 40.673724 -73.963161
66 1 26 6 22 30 0 40.689170 -73.988600
67 0 8 22 5 0 1 40.756951 -73.982631
19 1 5 3 13 4 0 40.746538 -73.932158
31 0 2 9 1 21 1 40.802117 -73.968181
102 0 17 6 23 3 1 40.753231 -73.970325
23 1 8 4 3 1 0 40.695270 -73.952381
27 0 7 5 5 7 1 40.680011 -73.938475
27 0 3 10 0 10 1 40.700670 -73.899070
24 0 4 7 1 15 1 40.766190 -73.875610
39 0 12 5 21 7 1 40.723180 -73.994800
19 0 8 4 13 5 1 40.681212 -74.008609
27 0 12 2 13 1 1 40.684967 -73.986208
25 0 5 7 4 5 1 40.674120 -73.944470
35 0 7 5 12 0 1 40.773914 -73.954395
39 1 10 7 6 18 0 40.778301 -73.948813
25 0 0 3 0 5 1 40.862950 -73.907410
53 0 39 1 50 0 1 40.696089 -73.978034
39 0 21 5 18 5 1 40.781721 -73.945940
42 0 19 6 19 3 1 40.717400 -73.980166
21 1 1 3 2 6 0 40.858340 -73.906260
79 0 13 5 13 14 1 40.739126 -73.979738
47 0 6 14 6 3 1 40.799041 -73.966495
20 1 3 1 5 0 0 40.679720 -73.934670
21 0 2 1 6 3 1 40.752300 -73.880930
48 0 4 21 4 18 1 40.788221 -73.970416
63 1 23 14 36 5 0 40.693631 -73.962236
49 0 5 16 20 18 1 40.752643 -73.974996
19 0 2 4 2 3 1 40.743640 -73.886220
25 0 15 1 13 4 1 40.668603 -73.990439
53 0 8 18 14 27 1 40.792495 -73.964171
23 0 3 4 0 0 1 40.847305 -73.933291
23 0 1 2 1 7 1 40.849640 -73.916121
19 0 7 5 11 1 1 40.839586 -73.900277
23 0 15 1 20 0 1 40.664030 -73.947690
54 0 37 4 29 3 1 40.724055 -73.955736
22 0 1 5 2 0 1 40.676210 -73.903510
47 0 30 6 23 10 1 40.714731 -73.966612
23 0 9 2 18 3 1 40.680057 -73.991753
35 0 13 5 9 9 1 40.710888 -73.968329
34 1 3 8 3 4 0 40.778131 -73.960694
21 1 4 12 8 4 0 40.736760 -73.873180
20 0 3 3 5 4 1 40.842340 -73.894090
24 0 16 1 11 0 1 40.672603 -73.989830
21 0 6 7 10 7 1 40.682369 -73.944118
20 1 4 6 7 13 0 40.686722 -73.938988
41 0 15 4 13 19 1 40.729708 -73.986598
40 0 19 2 14 4 1 40.710700 -74.003541
19 0 2 7 8 7 1 40.759960 -73.862240
43 0 3 2 4 16 1 40.754623 -73.995168
43 0 17 6 2 10 1 40.747310 -73.954510
19 0 3 4 6 8 1 40.769219 -73.901001
19 0 0 2 0 2 1 40.752708 -73.939740
21 1 10 4 6 13 0 40.639660 -73.968070
31 0 13 8 7 17 1 40.654850 -73.962170
29 0 17 4 27 0 1 40.795412 -73.944123
22 1 10 5 18 3 0 40.866141 -73.922648
21 1 1 3 0 2 0 40.823429 -73.924689
31 0 1 3 1 0 1 40.771639 -73.982614
54 0 4 11 2 3 1 40.754920 -73.984550
25 0 18 2 15 6 1 40.668546 -73.993333
66 0 25 7 21 7 1 40.727464 -73.979504
46 0 9 12 0 19 1 40.773142 -73.958562
19 0 2 1 2 2 1 40.679230 -73.925880
25 0 11 9 6 12 1 40.645070 -73.948800
19 0 8 5 3 7 1 40.872412 -73.912807
45 0 4 9 8 12 1 40.782750 -73.971370
27 0 4 7 3 3 1 40.668127 -73.983776
20 0 2 11 6 9 1 40.714420 -73.900970
29 0 2 13 0 21 1 40.675147 -73.975232
30 0 1 8 0 12 1 40.659945 -73.977504
57 0 10 10 12 8 1 40.723250 -73.943080
31 0 6 8 5 7 1 40.683239 -73.965996
18 0 3 3 1 5 1 40.866590 -73.897940
27 1 13 2 13 7 0 40.804372 -73.951475
27 0 14 2 17 0 1 40.754164 -73.908906
20 0 9 1 3 5 1 40.815484 -73.935856
28 0 1 4 7 4 1 40.774667 -73.984706
78 1 10 8 1 4 0 40.737006 -73.990134
23 0 14 3 8 13 1 40.677775 -74.009461
41 0 9 7 17 13 1 40.663657 -73.963014
43 1 13 5 9 0 0 40.719156 -73.948854
114 1 18 11 45 10 0 40.734546 -73.990741
27 0 8 3 5 9 1 40.736502 -73.978095
27 0 13 1 16 2 1 40.823061 -73.941928
27 1 1 8 6 12 0 40.674012 -73.967146
24 0 1 7 1 1 1 40.669178 -73.955416
30 0 12 3 11 0 1 40.840484 -73.917946
111 0 8 42 5 1 1 40.755103 -73.974987
33 1 7 5 7 8 0 40.748500 -73.941275
25 0 7 7 4 19 1 40.682800 -73.999904
25 0 4 1 1 0 1 40.752443 -73.929737
27 0 2 5 3 8 1 40.668674 -73.961815
31 1 12 3 5 6 0 40.744907 -73.953457
21 0 6 2 8 7 1 40.765835 -73.926547
66 0 9 7 34 31 1 40.749653 -73.995208
38 0 8 2 9 0 1 40.724129 -73.979013
36 0 20 3 31 2 1 40.799484 -73.955613
24 1 4 1 4 1 0 40.748880 -73.873680
39 1 11 8 14 11 0 40.701403 -73.986727
25 1 14 6 23 1 0 40.737610 -73.859590
39 0 11 18 4 7 1 40.792255 -73.952499
66 1 37 2 22 3 0 40.718939 -73.992663
20 0 3 2 1 4 1 40.828950 -73.905210
19 0 2 4 8 5 1 40.870020 -73.885650
39 1 8 12 6 30 0 40.688515 -73.964763
51 1 3 10 2 21 0 40.766368 -73.971518
27 0 10 4 9 6 1 40.771361 -73.924615
19 0 13 2 13 4 1 40.873265 -73.906646
23 1 7 6 0 0 0 40.727434 -73.993790
19 0 1 1 3 7 1 40.740347 -73.928861
30 0 5 10 7 2 1 40.715143 -73.944507
23 0 2 4 0 5 1 40.857158 -73.927174
78 1 5 6 9 62 0 40.749013 -73.988484
19 0 13 3 15 0 0 40.646720 -73.966370
42 1 14 0 17 0 0 40.687066 -74.016756
20 0 13 2 5 2 1 40.657940 -73.947350
22 0 12 1 17 0 1 40.752570 -73.895380
55 0 4 19 6 25 1 40.779668 -73.980930
19 1 6 2 10 2 0 40.719880 -73.905560
21 1 4 1 0 1 0 40.750181 -73.919998
27 0 14 5 14 6 1 40.812551 -73.949229
79 0 33 4 44 1 1 40.719392 -74.002472
20 0 14 1 16 0 1 40.662564 -73.945565
63 0 17 4 19 0 1 40.730386 -74.002150
47 0 12 4 29 3 1 40.772838 -73.949892
27 0 10 6 13 2 1 40.775186 -73.944461
33 0 21 1 30 0 1 40.697926 -73.976630
55 0 4 7 2 0 1 40.745712 -73.981948
63 1 40 7 55 5 0 40.717798 -73.993161
30 1 17 4 20 8 0 40.698568 -73.918877
23 0 6 4 13 6 1 40.699050 -73.915160
25 0 4 7 1 9 1 40.693560 -73.925240
27 0 13 4 11 0 1 40.743000 -73.935610
18 0 3 3 2 12 1 40.684880 -73.963040
81 0 30 17 35 7 1 40.715119 -73.984171
17 0 6 2 11 0 1 40.708690 -73.925870
27 0 12 6 9 11 1 40.701666 -73.943730
27 0 11 3 20 1 1 40.678970 -73.978553
27 1 8 3 8 8 0 40.761080 -73.930562
29 0 4 5 2 1 1 40.693290 -73.928520
24 0 15 4 18 4 1 40.647250 -73.943520
29 0 7 9 1 21 1 40.679450 -73.904740
33 0 10 6 13 2 1 40.680945 -73.975673
32 1 8 7 0 15 0 40.712477 -73.941000
18 0 4 4 8 0 1 40.684580 -73.909250
24 0 11 2 14 6 1 40.702461 -73.986842
25 0 6 8 14 10 1 40.701060 -73.933180
19 0 6 2 7 3 1 40.810224 -73.937195
23 0 16 3 21 0 1 40.765740 -73.870120
30 0 13 6 5 0 0 40.700990 -73.939210
22 0 7 1 7 1 1 40.750480 -73.905130
23 0 8 4 9 12 1 40.699304 -73.923044
49 1 7 19 0 4 0 40.760958 -73.967245
23 0 6 5 2 14 1 40.688655 -73.955156
25 0 2 6 7 9 1 40.670770 -73.950700
22 0 1 5 7 1 1 40.850890 -73.887930
24 1 14 3 9 0 0 40.714290 -73.933230
23 0 4 4 6 1 1 40.690893 -73.996123
18 0 6 5 11 4 1 40.692960 -73.916050
19 0 5 4 5 8 1 40.690648 -73.957462
47 0 5 2 8 0 1 40.740564 -73.998526
21 0 12 2 15 0 1 40.761560 -73.881670
18 1 5 1 1 2 0 40.804168 -73.911545
56 0 9 8 21 10 1 40.752694 -74.002353
19 0 5 2 1 7 1 40.741790 -73.895640
23 0 1 8 6 13 1 40.879350 -73.885340
17 0 0 8 0 5 1 40.709697 -73.907856
21 0 10 4 4 11 1 40.705517 -73.939360
23 0 3 4 8 3 1 40.767666 -73.910963
17 0 7 2 10 0 1 40.808484 -73.928803
37 0 13 7 4 2 1 40.654820 -73.973217
26 0 15 2 17 0 1 40.671409 -74.001328
31 0 24 1 20 0 1 40.676757 -73.983262
93 0 4 21 1 2 1 40.752062 -73.981632
43 0 1 9 1 7 1 40.806758 -73.960708
19 0 7 1 7 1 1 40.812735 -73.923697
35 0 23 4 16 0 1 40.680213 -73.984327
23 1 3 4 0 0 0 40.816576 -73.927987
48 0 15 2 8 0 1 40.724790 -73.984301
17 1 3 5 5 2 0 40.700680 -73.907420
29 1 3 6 2 7 0 40.675832 -73.956168
25 1 14 2 13 3 0 40.753091 -73.920603
35 1 6 1 9 3 0 40.736245 -73.984738
27 0 8 5 3 1 1 40.697842 -73.926241
85 0 29 15 30 20 1 40.722174 -73.983688
39 0 15 8 7 3 1 40.748036 -73.946705
25 0 2 11 3 13 1 40.677615 -73.973243
30 1 3 7 2 11 0 40.682810 -73.906230
24 0 7 6 4 6 1 40.690434 -73.903737
35 0 3 19 1 24 1 40.783502 -73.955327
20 0 3 4 1 15 1 40.701130 -73.914220
23 0 8 3 8 1 1 40.747086 -73.949772
19 0 9 3 15 0 1 40.659555 -73.995068
19 0 3 3 0 11 1 40.693115 -73.943149
25 0 8 3 5 9 1 40.844670 -73.885070
19 0 7 5 4 13 1 40.768442 -73.893531
19 0 6 2 10 0 1 40.778718 -73.914564
30 0 5 6 5 9 1 40.722260 -73.938890
19 1 4 5 4 12 0 40.686203 -73.944694
63 0 19 22 10 12 1 40.726156 -73.995102
24 0 5 4 15 3 1 40.668460 -73.928200
49 0 5 15 14 11 1 40.694271 -73.992327
24 0 6 5 7 0 1 40.692000 -73.926170
54 0 11 5 6 29 1 40.761530 -73.990070
20 0 5 1 3 0 1 40.831762 -73.896853
21 0 15 1 14 0 1 40.834060 -73.922430
47 0 11 2 4 3 1 40.737950 -73.985090
19 1 3 4 1 8 0 40.693398 -73.939877
20 0 6 1 7 0 1 40.814383 -73.915368
24 0 4 4 2 0 1 40.822545 -73.901824
21 0 9 5 11 9 0 40.770280 -73.893675
19 0 5 1 5 0 1 40.814046 -73.911860
62 0 11 5 18 1 1 40.691966 -73.981302
21 0 8 1 15 0 1 40.817166 -73.914737
19 0 1 0 1 0 1 40.742800 -73.895840
30 1 3 4 18 5 0 40.826969 -73.949738
19 0 5 4 11 2 1 40.805631 -73.934077
48 0 4 11 0 2 1 40.842102 -73.942240
21 0 11 3 17 2 1 40.776165 -73.915318
31 0 9 5 12 0 1 40.755763 -73.912715
29 0 6 3 6 0 0 40.813619 -73.939336
19 0 4 5 5 6 1 40.740214 -73.935370
25 1 1 1 4 5 0 40.751790 -73.885680
24 0 13 2 19 1 1 40.806414 -73.936085
25 0 4 2 7 8 1 40.753740 -73.886040
19 0 8 5 14 4 1 40.646610 -73.954010
21 1 7 4 9 6 0 40.690550 -73.911810
47 0 8 4 9 0 1 40.756765 -73.999714
31 0 8 1 9 6 1 40.736197 -74.008592
51 0 9 14 18 11 1 40.691960 -73.965369
32 1 3 3 14 10 0 40.754145 -73.996089
30 0 23 0 23 1 0 40.830940 -73.911250
45 0 14 4 5 0 1 40.736000 -73.976050
20 0 1 4 0 4 1 40.831327 -73.946665
36 0 19 5 17 5 1 40.763909 -73.947721
30 0 5 4 7 8 1 40.823168 -73.955857
19 0 10 1 15 2 1 40.847410 -73.911359
24 0 14 1 13 0 1 40.816343 -73.896447
30 1 3 2 0 2 0 40.834263 -73.917641
19 0 12 2 10 5 1 40.722490 -73.908540
63 0 10 18 1 18 1 40.765005 -73.958185
61 0 19 19 11 10 1 40.715030 -74.012460
21 0 5 2 1 2 1 40.746190 -73.871930
39 1 3 9 4 0 0 40.699997 -73.974401
19 0 6 2 6 5 1 40.766640 -73.928660
48 1 9 5 6 2 0 40.692216 -73.984284
31 1 21 3 20 6 0 40.829230 -73.936996
23 0 1 1 1 5 1 40.830663 -73.941323
33 0 9 5 23 6 1 40.772461 -73.946821
21 0 1 6 0 16 1 40.870490 -73.902870
15 0 2 6 3 3 1 40.695170 -73.903110
23 0 2 5 1 0 1 40.839443 -73.937044
49 0 24 6 16 0 1 40.714190 -73.996730
52 0 5 7 3 10 1 40.770030 -73.981968
20 1 1 1 0 2 0 40.832314 -73.941020
59 0 12 11 23 16 1 40.798186 -73.960591
49 1 20 6 21 1 0 40.723117 -73.952123
22 1 4 2 4 5 0 40.866005 -73.904255
19 0 3 3 4 0 1 40.802620 -73.917400
24 0 12 5 22 0 0 40.665910 -73.926020
75 0 23 6 4 9 1 40.723356 -73.988650
20 0 0 7 0 11 1 40.881110 -73.896500
22 0 1 2 1 9 1 40.862880 -73.903160
24 0 6 12 6 14 1 40.637660 -74.017820
26 0 3 4 5 6 1 40.834468 -73.939865
21 1 6 7 13 0 0 40.735659 -73.934788
20 0 12 3 18 0 1 40.740960 -73.853570
22 0 13 4 15 4 1 40.646037 -73.980963
25 0 7 7 5 17 1 40.651270 -73.938180
22 0 4 5 1 11 1 40.755840 -73.866210
37 0 12 7 19 6 1 40.882260 -73.887020
38 0 5 3 6 21 1 40.752149 -73.989539
39 0 10 1 27 0 1 40.745911 -73.998071
31 0 10 7 3 19 1 40.686371 -73.993833
21 0 3 5 3 6 1 40.672510 -73.936420
84 0 47 11 36 14 1 40.725029 -73.990697
77 0 11 2 26 3 1 40.746920 -74.004519
1 1 0 0 0 0 0 40.754970 -73.984681
39 1 2 12 0 1 0 40.764753 -73.970378
23 0 14 3 9 3 1 40.704425 -73.928360
22 0 3 2 6 3 1 40.750000 -73.880620
23 0 1 3 1 0 1 40.749190 -73.870540
40 1 14 4 29 1 0 40.754990 -73.889050
23 0 3 5 6 12 1 40.689950 -73.936500
51 0 36 2 38 0 1 40.679279 -73.981540
21 1 4 7 1 14 0 40.751650 -73.859150
21 0 13 2 15 1 1 40.743110 -73.857150
63 0 22 8 16 5 1 40.722310 -74.010600
73 0 5 2 3 0 1 40.736592 -73.992949
37 0 4 18 1 1 1 40.757334 -73.974235
30 1 19 5 17 3 0 40.654144 -74.004220
19 0 4 3 5 3 1 40.681466 -73.914157
19 0 12 2 12 3 1 40.657743 -74.001141
25 0 13 6 10 11 1 40.640340 -73.966030
23 0 4 6 6 6 1 40.688340 -73.933060
21 0 8 2 11 2 1 40.757525 -73.901614
19 1 12 1 14 2 0 40.761090 -73.886320
39 0 3 4 0 0 1 40.767801 -73.965921
15 0 4 2 2 0 1 40.719261 -73.981780
39 0 4 5 3 2 1 40.751184 -73.971387
20 0 2 2 11 0 1 40.752430 -73.867170
20 0 11 3 6 10 1 40.862638 -73.920060
57 0 6 19 6 1 1 40.757769 -73.979294
20 0 9 2 11 1 1 40.758960 -73.869760
19 0 2 6 0 4 1 40.702290 -73.901450
21 0 15 1 14 3 1 40.669920 -73.920020
26 0 2 1 1 0 0 40.855910 -73.900510
19 0 0 15 0 16 1 40.876550 -73.909410
26 1 2 3 0 1 0 40.873820 -73.886610
27 1 13 2 14 0 0 40.722482 -73.959219
19 0 4 11 2 15 1 40.639859 -74.019776
39 0 26 2 28 5 1 40.818299 -73.960405
22 0 4 3 2 3 1 40.756010 -73.882660
21 0 3 7 12 0 1 40.714840 -73.909000
69 0 19 9 18 9 1 40.717599 -74.015880
21 0 5 3 10 2 1 40.756933 -73.926223
49 0 10 3 0 0 1 40.737169 -73.981225
28 1 1 4 2 1 0 40.854788 -73.929513
61 0 9 22 1 5 1 40.753773 -73.999376
27 0 21 0 21 0 1 40.821967 -73.896752
21 1 6 2 7 1 0 40.832164 -73.949702
21 0 13 3 12 3 1 40.717909 -73.908454
21 0 10 4 17 2 1 40.665980 -73.928400
30 1 12 6 12 6 0 40.712628 -73.960575
21 0 3 13 4 17 0 40.886020 -73.902320
19 1 2 3 3 12 0 40.856708 -73.902653
19 0 13 1 13 0 1 40.654798 -74.014372
21 0 10 3 19 0 1 40.668520 -73.919080
19 1 4 4 1 4 0 40.693380 -73.900610
19 1 3 2 7 6 0 40.742156 -73.926626
32 1 3 19 0 1 0 40.742930 -73.952037
31 0 8 7 4 22 1 40.738095 -73.954867
23 0 10 2 19 0 1 40.824000 -73.910890
22 1 15 4 16 4 0 40.737160 -73.866250
19 1 0 1 1 3 0 40.835798 -73.937496
23 0 2 3 3 0 1 40.819701 -73.901311
23 0 16 1 18 0 1 40.649143 -74.012384
31 1 8 6 11 10 0 40.725320 -73.936800
27 0 1 3 0 4 1 40.669670 -73.950300
24 0 2 1 3 2 1 40.831960 -73.919560
21 1 11 3 10 2 0 40.850790 -73.889450
47 0 10 3 8 1 1 40.737815 -73.999947
23 0 15 1 3 0 1 40.702753 -73.953168
24 0 4 6 0 3 1 40.691993 -73.932550
20 0 8 1 16 0 1 40.749440 -73.857920
18 0 9 1 13 0 1 40.754730 -73.891800
25 0 14 5 9 15 1 40.738020 -73.861030
20 0 4 1 6 2 1 40.832171 -73.889686
59 0 20 2 8 0 1 40.732759 -73.995817
26 0 4 4 7 0 1 40.852253 -73.931308
75 0 8 17 2 0 1 40.742685 -73.986713
27 1 16 1 22 0 0 40.823872 -73.908699
67 0 11 16 15 5 1 40.709056 -74.010434
30 0 7 7 0 24 1 40.747100 -73.902800
19 0 9 3 10 6 1 40.766460 -73.886740
23 0 12 2 12 9 1 40.661270 -73.953520
21 0 2 2 4 3 1 40.846660 -73.889910
24 0 3 4 13 1 1 40.746945 -73.896503
22 0 4 3 5 3 1 40.675240 -73.935960
21 1 3 1 1 5 0 40.866899 -73.901942
17 1 5 2 9 3 0 40.854947 -73.916661
19 0 9 5 9 2 1 40.739370 -73.874110
79 1 48 9 34 4 0 40.706411 -74.005597
20 1 3 6 3 1 0 40.745010 -73.903600
59 0 17 10 25 16 1 40.691036 -73.992011
27 0 7 2 9 10 1 40.740288 -73.960697
25 0 12 3 21 0 1 40.655500 -73.949750
25 0 9 1 15 0 1 40.753880 -73.914952
24 1 4 2 3 4 0 40.765753 -73.906760
33 0 5 4 3 15 1 40.746650 -73.993920
23 0 5 2 12 8 1 40.755020 -73.872850
20 1 16 0 17 0 0 40.830128 -73.886302
24 1 4 1 22 2 0 40.837576 -73.910489
30 1 2 15 0 15 0 40.640125 -74.015726
55 0 23 11 34 17 1 40.701221 -74.012342
21 1 0 8 2 14 0 40.645921 -74.005708
18 1 3 5 2 13 0 40.690400 -73.927700
21 1 11 3 15 3 0 40.647960 -73.955600
24 0 5 1 0 0 1 40.840494 -73.911479
23 1 13 3 20 0 0 40.756960 -73.856120
19 0 9 6 16 1 1 40.871094 -73.911503
23 0 4 2 6 1 1 40.753599 -73.937956
25 0 19 2 24 0 0 40.839980 -73.880600
22 0 11 3 20 0 1 40.653200 -73.966390
18 1 13 1 13 2 0 40.838706 -73.927034
35 1 7 7 7 18 0 40.672784 -73.979826
15 0 6 2 12 0 1 40.770374 -73.928608
45 0 26 3 29 0 1 40.707519 -74.001081
48 0 21 12 24 19 1 40.711444 -74.014847
20 0 15 3 16 1 1 40.739160 -73.852600
19 0 8 1 12 3 0 40.830529 -73.894717
33 0 14 5 11 4 1 40.716226 -73.982612
19 1 14 1 13 3 0 40.760130 -73.897410
35 1 4 3 3 6 0 40.753260 -73.943358
62 0 12 6 15 7 1 40.714505 -74.005628
20 0 4 3 18 0 1 40.674040 -73.927720
43 0 21 3 20 1 1 40.716021 -73.999744
31 0 9 1 1 0 1 40.700295 -73.950323
54 0 13 1 10 0 1 40.732219 -73.981656
24 0 10 5 20 0 1 40.705833 -73.946446
21 0 6 4 2 0 1 40.851680 -73.941860
30 0 7 2 12 1 1 40.714133 -73.952344
33 0 8 3 16 5 1 40.757170 -73.921750
21 1 1 2 1 0 0 40.864480 -73.895220
45 0 7 19 2 3 1 40.742327 -73.954117
78 1 34 9 18 33 0 40.726281 -73.989780
23 0 19 4 14 1 1 40.729060 -73.957790
23 0 14 3 11 7 1 40.870690 -73.906780
76 0 20 15 37 16 1 40.760875 -74.002777
23 0 2 5 0 5 1 40.689407 -73.968855
18 0 4 3 8 4 1 40.760339 -73.922243
19 0 4 2 3 6 1 40.681430 -73.925650
84 0 40 4 36 4 1 40.743174 -74.003664
23 0 13 2 15 3 1 40.867000 -73.885776
24 0 3 3 3 1 1 40.744080 -73.929010
19 1 1 0 9 1 0 40.812769 -73.901583
90 0 34 11 20 10 1 40.729667 -73.980680
23 0 12 4 12 5 1 40.673190 -73.910830
83 0 28 21 16 18 1 40.743227 -73.974498
21 0 8 5 4 6 1 40.742400 -73.872510
19 0 2 8 1 2 1 40.679427 -73.929891
21 0 14 1 16 0 1 40.722350 -73.912150
50 0 19 7 16 0 1 40.726378 -74.000472
27 0 9 5 8 8 1 40.690894 -73.955195
20 1 4 1 6 2 0 40.860814 -73.902541
21 0 5 6 3 7 1 40.696229 -73.943711
18 0 4 2 4 5 1 40.691283 -73.945242
28 1 1 1 3 1 0 40.849955 -73.905943
19 0 14 2 11 4 1 40.762050 -73.895000
24 1 6 3 9 7 0 40.678907 -73.941428
33 0 9 6 8 6 1 40.708771 -73.950953
51 0 9 2 6 1 1 40.739323 -74.008119
24 1 1 13 5 16 0 40.712300 -73.893970
25 0 5 2 11 0 1 40.711674 -73.951413
33 0 12 4 21 4 1 40.776700 -73.927631
21 1 16 2 11 4 0 40.657700 -73.939800
18 0 2 2 5 0 1 40.858498 -73.896370
39 0 3 10 2 21 1 40.785247 -73.976673
57 0 10 11 18 0 1 40.739730 -73.991040
52 0 13 6 18 17 1 40.770956 -73.953562
21 1 13 3 13 3 0 40.744190 -73.861900
28 0 7 3 2 0 1 40.687372 -73.981761
45 0 13 6 29 12 1 40.709957 -74.016538
34 0 10 4 8 3 1 40.711464 -74.005524
74 0 7 1 9 0 1 40.741776 -74.001497
23 0 6 5 4 0 1 40.690725 -73.951335
22 0 3 4 1 7 1 40.671280 -73.928250
29 0 20 2 20 3 1 40.707065 -74.007319
55 0 12 6 17 1 1 40.768762 -73.958408
24 0 4 6 7 3 1 40.780478 -73.912212
22 0 8 6 2 8 1 40.653368 -73.976291
45 0 13 5 11 16 1 40.734980 -74.006970
33 1 7 5 2 22 0 40.812056 -73.961255
19 0 2 1 1 3 1 40.670950 -73.922220
25 1 9 11 16 7 0 40.768940 -73.868320
29 0 18 2 10 0 1 40.777112 -73.902382
38 0 10 7 14 7 1 40.683116 -73.997853
24 0 14 3 19 3 1 40.660079 -73.998633
41 0 3 25 3 31 1 40.787801 -73.953559
47 1 12 7 2 4 0 40.689622 -73.983043
49 0 27 5 30 11 1 40.722055 -73.989111
59 0 36 3 27 13 1 40.700763 -73.988698
19 0 8 1 16 0 1 40.822351 -73.926907
37 0 6 6 3 2 1 40.755210 -73.846720
25 0 2 5 2 16 1 40.884350 -73.887810
24 0 9 2 10 0 1 40.668627 -73.987001
35 1 24 4 10 9 0 40.735354 -74.004831
19 0 5 2 9 2 1 40.747148 -73.929024
19 0 15 0 14 0 1 40.828975 -73.911259
19 0 8 3 8 6 1 40.761438 -73.941126
20 0 7 7 6 13 0 40.882270 -73.908090
39 0 6 3 1 0 1 40.740693 -73.981606
68 0 27 10 16 29 1 40.723077 -73.985836
21 1 2 6 1 4 0 40.673248 -73.956895
31 0 7 8 14 0 1 40.755733 -73.923661
34 1 12 6 23 2 0 40.808442 -73.945209
35 0 20 3 9 16 1 40.810000 -73.955151
47 0 8 9 11 19 1 40.789622 -73.977570
19 1 4 1 2 9 0 40.835123 -73.911968
20 0 11 3 9 6 1 40.659500 -73.950410
43 0 8 3 23 14 1 40.750073 -73.998393
19 1 8 6 10 8 0 40.650000 -73.932960
37 0 5 7 4 9 1 40.768009 -73.968453
19 0 8 5 4 6 1 40.699569 -73.979827
30 0 6 18 4 23 1 40.635560 -74.012980
34 0 7 7 16 6 1 40.680959 -73.999057
33 0 17 4 16 8 1 40.676395 -73.998699
57 0 20 5 4 4 1 40.731911 -74.008769
37 0 15 4 21 9 1 40.801694 -73.957145
26 0 13 5 18 2 1 40.794566 -73.936254
65 0 10 5 12 3 1 40.744449 -73.983035
37 0 15 3 20 6 1 40.704697 -74.008034
39 0 17 5 19 9 1 40.805159 -73.954692
31 0 15 4 23 0 1 40.798944 -73.944846
21 1 10 4 1 3 0 40.672672 -74.008795
43 0 5 9 7 24 1 40.697601 -73.993446
29 1 3 5 0 1 0 40.757770 -73.848870
57 0 17 5 0 0 1 40.742754 -74.007474
40 1 6 8 1 4 0 40.795590 -73.961884
25 0 10 2 18 0 1 40.752970 -73.892360
25 0 7 6 5 3 1 40.644862 -74.014531
80 0 12 23 22 6 1 40.755942 -74.002116
21 0 9 1 2 0 1 40.834857 -73.903743
30 0 14 5 20 0 1 40.652563 -73.972573
27 1 9 2 15 0 0 40.682915 -73.993182
31 0 7 5 13 5 1 40.687534 -73.972652
31 0 1 7 21 4 1 40.671649 -73.963115
20 0 2 0 1 1 1 40.746460 -73.879960
19 0 8 5 1 11 1 40.743752 -73.941765
19 0 9 2 9 7 1 40.662706 -73.956912
29 0 18 0 15 0 1 40.692566 -74.015936
27 1 8 5 7 16 0 40.778130 -73.908420
50 0 18 7 19 14 1 40.725213 -73.977688
25 1 2 5 1 13 0 40.765625 -73.913669
31 1 4 1 8 9 0 40.760193 -73.991255
19 0 4 1 9 5 1 40.867357 -73.929360
27 1 6 3 9 1 0 40.767100 -73.916986
21 0 8 4 13 2 1 40.765900 -73.930819
25 0 3 3 6 4 1 40.743540 -73.924352
25 0 0 8 1 14 1 40.665147 -73.976376
19 0 0 6 1 5 1 40.711070 -73.903000
20 1 5 4 2 6 0 40.700760 -73.936410
34 1 12 3 17 9 0 40.745627 -73.945661
41 0 15 4 21 0 1 40.727243 -73.976831
22 0 6 7 2 6 1 40.703545 -73.917775
20 0 1 2 0 2 1 40.871445 -73.892896
47 0 22 8 15 22 1 40.690065 -73.978776
23 1 1 2 0 2 0 40.753010 -73.872660
28 0 7 15 9 11 1 40.647950 -73.931820
81 1 32 11 31 5 0 40.741982 -74.008316
17 0 8 2 14 3 0 40.663062 -73.953875
39 1 22 4 24 12 0 40.864632 -73.918598
29 0 4 2 1 5 1 40.720195 -74.010301
21 0 2 3 1 1 1 40.671600 -73.933780
23 0 17 1 14 5 1 40.661040 -73.947950
20 0 13 2 18 0 1 40.745800 -73.859450
27 0 14 2 14 4 1 40.681990 -73.990790
29 0 7 4 6 3 1 40.695450 -73.911640
115 0 49 18 59 13 1 40.717548 -74.013221
19 1 5 4 0 6 0 40.694670 -73.906630
23 0 2 3 6 3 1 40.842173 -73.935111
23 0 7 7 4 11 1 40.794990 -73.933330
25 0 4 6 8 9 1 40.696710 -73.928070
23 1 11 4 10 11 0 40.661310 -73.960910
27 0 8 4 7 16 1 40.686176 -73.996453
27 0 5 8 3 13 1 40.709800 -73.917270
23 1 6 7 12 0 0 40.699690 -73.902200
19 0 13 2 13 0 1 40.756750 -73.895950
20 0 1 6 2 7 1 40.705530 -73.909600
29 0 4 4 7 13 1 40.858472 -73.902660
27 0 14 3 14 5 1 40.729039 -73.994046
39 0 2 14 1 2 1 40.805973 -73.964928
33 0 2 4 2 1 1 40.861669 -73.898589
36 0 3 13 1 0 1 40.699871 -73.911719
19 0 8 3 14 2 1 40.702040 -73.892880
29 0 7 3 6 13 1 40.766697 -73.990617
22 0 3 4 3 6 1 40.671130 -73.942220
19 1 3 3 1 6 0 40.693000 -73.908240
80 0 20 11 17 0 1 40.728846 -74.008591
36 1 16 4 16 16 0 40.677343 -74.012751
20 0 7 4 6 0 1 40.714010 -73.927930
25 0 9 2 10 0 1 40.709070 -73.921570
35 0 5 3 1 18 1 40.754557 -73.965930
20 0 10 3 5 1 1 40.731240 -73.951610
53 1 15 4 3 0 0 40.735918 -74.000939
40 0 22 4 22 5 1 40.729840 -73.948390
18 0 7 0 8 1 1 40.750016 -73.915409
25 0 3 7 3 3 1 40.774306 -73.908335
24 0 7 3 9 1 1 40.649145 -74.009486
59 0 26 5 19 0 1 40.717227 -73.988021
70 0 20 6 17 11 1 40.752069 -73.967844
19 1 4 4 4 3 0 40.686090 -73.926280
21 0 7 1 4 0 1 40.812191 -73.937838
83 0 3 14 8 32 1 40.751873 -73.977706
24 1 12 4 15 5 0 40.657980 -73.960510
45 1 10 5 12 4 0 40.761227 -73.960940
19 0 10 1 7 0 1 40.819609 -73.916071
35 0 5 14 9 16 1 40.641269 -74.017651
52 0 3 6 11 6 1 40.750224 -73.971214
43 0 8 2 14 2 1 40.733320 -73.995101
38 1 5 10 4 9 0 40.741444 -73.975361
20 0 10 6 8 6 1 40.739210 -73.868870
49 0 19 3 13 2 1 40.720540 -73.959000
69 0 21 11 17 15 1 40.727791 -73.985649
25 0 7 2 15 1 1 40.822810 -73.937413
25 1 2 11 0 17 0 40.705550 -73.902450
23 0 6 4 7 0 1 40.727714 -74.011296
19 0 5 2 5 0 1 40.808891 -73.910810
23 1 5 2 13 5 0 40.812299 -73.920370
69 0 28 14 19 16 1 40.701907 -74.013942
23 0 6 1 9 5 1 40.811112 -73.914932
19 0 5 4 15 0 1 40.858904 -73.923094
19 0 6 6 4 3 1 40.768300 -73.873310
26 1 9 3 1 3 0 40.810893 -73.927311
62 1 14 6 6 7 0 40.683826 -73.976323
20 0 2 8 3 0 1 40.704080 -73.904080
19 0 6 2 11 8 0 40.810930 -73.921606
30 0 11 8 12 12 1 40.785920 -73.948603
45 1 29 3 28 4 0 40.710762 -73.994004
21 1 14 1 14 3 0 40.832630 -73.925101
22 0 9 3 5 3 1 40.812346 -73.946168
35 0 6 20 10 20 1 40.886300 -73.899700
30 0 14 10 4 19 1 40.733030 -73.871000
22 0 9 1 10 0 1 40.825125 -73.941616
69 0 27 10 17 32 1 40.727379 -73.988408
22 0 5 2 5 0 1 40.756400 -73.875040
19 0 4 2 4 0 1 40.811314 -73.907729
23 0 12 1 15 3 1 40.822215 -73.914688
46 0 26 2 40 2 1 40.697787 -73.973736
21 0 10 2 11 6 1 40.759470 -73.884310
19 0 5 4 2 0 1 40.713230 -73.938940
23 0 5 1 4 9 1 40.824013 -73.954743
18 0 7 4 5 12 0 40.717730 -73.940510
35 0 16 5 10 0 1 40.817340 -73.922962
19 0 16 0 15 0 1 40.661550 -73.939740
20 0 2 5 3 5 1 40.680180 -73.911360
27 0 3 9 2 19 1 40.660160 -73.990974
19 0 6 3 0 6 1 40.805701 -73.925177
19 0 2 4 5 8 1 40.764089 -73.910651
21 0 12 2 1 4 1 40.676999 -74.006471
57 0 3 7 12 5 1 40.751726 -73.987535
19 0 5 1 8 0 1 40.757930 -73.884010
19 0 1 6 3 2 1 40.706940 -73.906320
20 0 4 4 8 7 1 40.682730 -73.929260
25 1 1 3 2 11 0 40.867670 -73.892860
53 0 33 3 34 13 1 40.698477 -73.983840
37 0 19 3 20 7 1 40.723347 -73.982659
87 0 29 10 11 12 1 40.732139 -74.003638
79 0 13 1 17 0 1 40.739355 -73.999318
19 0 3 5 6 5 1 40.816355 -73.954295
21 0 13 2 15 0 1 40.800933 -73.913863
46 0 7 11 4 7 1 40.776777 -73.959010
21 0 8 2 15 0 1 40.817555 -73.957163
62 0 15 5 17 10 1 40.748758 -73.970127
23 1 2 3 7 0 0 40.816402 -73.919549
21 1 2 3 3 4 0 40.833303 -73.939326
18 0 7 2 5 3 1 40.825289 -73.936232
27 0 21 1 21 0 1 40.663430 -73.934720
19 0 3 5 8 0 1 40.817755 -73.929650
25 0 5 10 2 10 1 40.639673 -74.008957
24 0 2 4 3 0 1 40.830476 -73.939929
22 0 5 1 6 0 1 40.820302 -73.903944
20 0 9 4 7 3 1 40.656860 -73.953310
87 0 46 14 30 4 1 40.729515 -73.990753
84 0 30 15 26 3 1 40.720874 -73.980858
27 0 13 3 12 2 1 40.711731 -73.991930
21 1 1 3 1 1 0 40.744620 -73.911430
22 0 2 4 1 1 1 40.675600 -73.941500
14 1 3 2 3 4 0 40.719420 -74.050990
22 0 5 2 15 0 1 40.717732 -74.043845
32 1 10 6 18 4 0 40.752961 -74.024353
18 0 4 3 3 1 1 40.747907 -74.038412
18 1 2 0 2 0 0 40.742258 -74.035111
14 0 1 1 1 0 1 40.740814 -74.027406
22 0 5 2 6 1 1 40.746413 -74.037977
14 1 4 3 10 1 0 40.754530 -74.026580
30 0 6 3 13 0 1 40.719252 -74.034234
18 0 9 3 1 5 1 40.718211 -74.083639
8 0 1 2 0 2 1 40.737360 -74.030970
21 1 6 3 10 6 0 40.715391 -74.049692
24 0 5 2 11 0 1 40.749985 -74.027150
22 0 6 1 11 4 1 40.712774 -74.036486
14 0 3 1 5 3 1 40.723332 -74.045953
18 0 2 3 0 0 1 40.727224 -74.033759
18 0 1 3 0 1 1 40.737711 -74.066921
14 1 0 3 2 1 0 40.723659 -74.064194
21 1 3 1 5 6 0 40.738790 -74.039300
22 0 6 2 14 3 1 40.718489 -74.047727
14 0 1 3 1 2 1 40.722104 -74.071455
26 0 0 2 1 0 1 40.731169 -74.057574
18 1 2 1 1 3 0 40.727551 -74.071061
14 0 1 4 1 12 0 40.719282 -74.071262
30 0 3 5 4 3 1 40.736982 -74.027781
30 1 6 7 0 0 0 40.716366 -74.034344
22 0 1 4 3 7 1 40.734786 -74.050444
18 0 4 0 5 1 1 40.721630 -74.049968
26 0 7 3 10 6 1 40.714584 -74.042817
18 0 3 1 7 0 1 40.715178 -74.037683
22 0 4 3 4 13 1 40.743140 -74.040041
18 1 4 3 1 11 0 40.721651 -74.042884
18 1 0 3 0 12 0 40.742677 -74.051789
21 0 5 2 3 2 1 40.750109 -74.036637
18 0 3 1 7 2 1 40.745420 -74.033320
18 1 3 2 5 3 0 40.724294 -74.035483
21 0 2 1 0 0 1 40.742659 -74.032233
14 0 2 4 0 1 1 40.714145 -74.033552
18 0 1 5 0 2 1 40.733670 -74.062500
18 0 0 4 0 3 1 40.744319 -74.043991
22 0 2 4 1 1 1 40.736810 -74.030900
14 0 1 0 4 0 1 40.737430 -74.035710
18 0 5 3 5 9 1 40.709198 -74.080843
19 0 5 2 5 3 1 40.754090 -74.031600
19 0 3 10 10 7 1 40.706575 -74.086701
18 0 1 2 0 3 1 40.748716 -74.040443
26 0 6 4 12 6 1 40.737604 -74.052478
15 0 3 2 3 4 1 40.751889 -74.033292
15 0 4 1 3 2 0 40.751867 -74.030377
18 0 5 2 5 5 1 40.716615 -74.042412
14 0 2 0 10 0 1 40.712419 -74.038526
18 0 1 7 1 2 1 40.711130 -74.078900
20 0 4 1 4 6 1 40.737551 -74.041664
26 0 5 3 8 1 1 40.748161 -74.032453
18 0 3 5 3 7 1 40.724605 -74.078406
42 0 9 8 5 6 1 40.719410 -74.043090
18 0 1 1 0 0 1 40.743133 -74.026989
18 0 1 1 0 0 1 40.734961 -74.059503
14 0 1 2 2 0 1 40.745910 -74.057271
14 0 2 2 7 2 1 40.728745 -74.032108
15 0 2 0 2 0 1 40.739814 -74.036904
22 0 6 1 14 1 1 40.724176 -74.050656
24 0 3 6 0 3 1 40.737215 -74.028865
22 0 5 1 7 4 1 40.721525 -74.046305
26 0 7 2 16 8 1 40.727596 -74.044247
14 0 3 2 2 11 1 40.713464 -74.062859
22 1 2 2 1 9 0 40.725340 -74.067622
18 0 3 0 2 3 1 40.744398 -74.034501
28 0 5 3 12 9 1 40.750604 -74.024020
32 0 9 9 11 15 1 40.735208 -74.046964
22 0 6 2 8 2 1 40.721124 -74.038051
18 0 3 2 3 11 1 40.740802 -74.042521
33 0 1 16 0 5 1 40.731009 -74.064437
18 0 1 1 0 1 1 40.725726 -74.071959
14 0 3 1 5 7 1 40.725685 -74.048790
14 0 3 4 5 7 1 40.714358 -74.066611
15 0 2 0 0 0 1 40.739153 -74.033082
22 0 5 3 8 6 1 40.711242 -74.055701
21 0 2 1 10 1 1 40.745984 -74.028199
24 1 4 8 1 13 0 40.735938 -74.030305
14 0 3 1 10 0 1 40.725289 -74.045572
14 0 4 1 11 3 0 40.718355 -74.038914
40 1 8 15 2 4 0 40.736722 -74.029007
14 0 2 2 6 5 1 40.726012 -74.050389
