1473 315 46386 11151 4878 927 855 -127 4843 3117
0 48.888534 2.242429
35 0 1 2 2 0 1 48.865983 2.275725
28 0 5 4 4 5 1 48.798922 2.453745
20 0 3 5 2 1 1 48.778193 2.396302
21 0 0 2 2 1 1 48.879296 2.337360
25 0 3 2 0 2 1 48.837526 2.336035
60 0 4 5 1 2 1 48.819428 2.343335
22 0 5 5 7 4 1 48.936269 2.358867
20 1 1 2 1 2 0 48.855908 2.392571
12 0 4 2 4 8 0 48.875448 2.315508
48 0 9 4 2 1 1 48.835093 2.353468
21 0 7 3 6 0 1 48.851654 2.330808
35 0 10 3 23 2 1 48.848563 2.320422
23 0 5 5 7 11 1 48.843893 2.351966
17 0 5 1 3 0 1 48.847082 2.321375
31 0 3 2 1 0 1 48.910399 2.385136
27 0 1 2 2 2 1 48.815802 2.376805
27 0 4 3 6 4 1 48.779035 2.460976
25 0 16 2 20 2 1 48.835584 2.232550
22 0 1 2 2 0 1 48.862453 2.196167
40 0 2 5 8 11 1 48.908168 2.453060
28 0 0 0 0 0 1 48.878370 2.440524
60 0 22 13 36 4 1 48.851296 2.325062
36 0 4 4 5 4 0 48.882878 2.287667
17 0 3 7 3 13 0 48.845047 2.349465
43 1 17 4 20 3 0 48.857041 2.372895
52 0 1 2 1 2 1 48.833101 2.299380
40 0 4 3 3 6 1 48.881973 2.301132
20 0 8 5 17 2 1 48.856452 2.334852
30 0 1 3 2 1 1 48.826104 2.300455
30 1 8 1 2 0 0 48.840855 2.387555
45 0 15 12 28 14 1 48.871417 2.307679
34 0 9 3 8 4 1 48.830982 2.348165
21 0 0 1 0 0 1 48.822341 2.327862
38 1 0 2 0 0 0 48.867850 2.446748
35 0 8 6 8 5 1 48.870829 2.345921
42 0 3 2 0 0 1 48.897922 2.328515
43 0 2 3 2 3 1 48.895947 2.381134
35 1 2 3 3 3 0 48.879407 2.303446
20 0 1 2 0 3 1 48.822036 2.275464
44 0 1 3 0 3 1 48.871031 2.379057
26 1 6 2 6 1 0 48.848841 2.426325
30 0 4 3 7 2 1 48.857721 2.254911
25 1 0 1 2 2 0 48.818074 2.326701
16 0 4 2 1 4 1 48.838231 2.270506
22 1 2 2 0 2 0 48.789809 2.314394
23 0 3 6 3 9 1 48.892649 2.213694
28 0 2 2 6 0 1 48.852995 2.424739
30 0 1 2 0 1 1 48.882428 2.314002
30 0 12 5 13 1 1 48.796288 2.417212
30 0 14 5 19 3 1 48.784567 2.397904
26 1 5 3 10 7 0 48.840580 2.258412
40 0 9 3 18 2 1 48.867853 2.349364
17 0 0 1 0 1 1 48.879161 2.343698
23 0 7 5 13 5 1 48.873935 2.306426
21 0 3 7 11 9 1 48.868834 2.298603
28 0 4 2 0 1 1 48.821417 2.342167
63 0 45 3 53 1 1 48.824358 2.377065
24 0 1 2 0 1 1 48.838684 2.311042
21 0 1 2 1 0 1 48.825572 2.357617
18 0 0 0 0 0 1 48.880493 2.398064
22 1 0 0 0 0 0 48.769627 2.471784
25 0 0 1 0 0 1 48.889496 2.333394
14 0 1 1 1 1 1 48.879223 2.349147
22 0 1 2 0 0 1 48.784485 2.359084
21 1 1 4 4 6 0 48.861069 2.273028
50 0 3 3 0 0 1 48.846843 2.452062
17 0 1 2 1 0 1 48.877599 2.348464
21 1 5 2 4 8 0 48.886556 2.288640
29 0 9 5 10 9 1 48.873204 2.323659
27 0 1 2 1 1 1 48.876137 2.368084
24 1 0 1 1 3 0 48.880726 2.351464
32 0 2 2 2 3 1 48.875643 2.359459
32 0 10 5 6 1 1 48.838426 2.493693
36 0 28 3 29 3 1 48.835121 2.385535
17 0 6 5 7 5 1 48.857059 2.341798
20 0 7 5 6 5 1 48.846290 2.352149
29 1 0 1 0 0 0 48.816377 2.267038
27 0 11 3 10 1 1 48.843690 2.365716
48 0 2 1 0 4 1 48.879740 2.288012
27 0 0 2 0 0 1 48.883208 2.330845
27 0 6 4 15 2 1 48.874778 2.326516
35 0 3 9 1 5 1 48.881150 2.480437
23 1 1 2 1 5 0 48.897877 2.323063
19 0 7 3 9 6 1 48.851420 2.309704
24 0 5 8 14 6 1 48.844730 2.341924
31 0 21 3 25 0 1 48.827228 2.268123
29 0 6 8 7 21 1 48.874750 2.301771
35 0 7 5 7 10 1 48.875255 2.340854
28 0 10 6 11 8 1 48.872190 2.329423
17 0 0 2 0 0 1 48.883667 2.395733
26 0 0 2 0 1 1 48.862924 2.415504
16 0 0 2 0 2 1 48.814184 2.287286
24 0 1 2 1 1 1 48.889176 2.383365
33 1 11 4 22 11 0 48.873346 2.337981
16 0 3 3 1 1 1 48.918649 2.281411
40 0 1 2 0 1 1 48.888962 2.322529
24 0 1 3 2 4 1 48.884492 2.370394
60 0 21 8 5 5 1 48.845515 2.372650
40 1 23 7 24 8 0 48.849063 2.355809
22 0 2 7 3 11 1 48.895770 2.223908
8 0 1 2 1 1 1 48.855444 2.270442
17 0 0 3 2 4 1 48.880066 2.331081
49 0 1 2 0 1 1 48.881949 2.352339
40 1 13 4 7 2 0 48.929867 2.283670
39 0 3 1 3 4 1 48.880222 2.285468
17 0 0 2 0 0 1 48.881928 2.392587
49 1 16 2 5 5 0 48.840975 2.264390
46 0 8 3 0 3 1 48.858689 2.383554
36 0 2 12 5 12 1 48.808895 2.538242
23 1 9 4 4 3 0 48.855079 2.373369
27 0 1 3 1 0 1 48.837614 2.397254
35 0 12 7 26 9 0 48.874746 2.308295
30 0 10 4 14 5 1 48.861142 2.367800
53 0 2 5 0 4 1 48.893924 2.397903
39 0 4 16 12 25 1 48.847021 2.346498
34 1 0 0 0 1 0 48.884760 2.353466
40 0 0 2 1 0 1 48.872010 2.392040
12 0 7 1 5 1 1 48.852805 2.293077
23 0 1 2 0 0 1 48.883648 2.295245
19 0 2 4 3 1 1 48.844799 2.329338
38 0 5 3 4 4 1 48.862148 2.377235
34 1 9 4 0 1 0 48.822380 2.458687
17 0 0 1 3 2 1 48.879543 2.326463
52 0 2 4 2 0 1 48.861315 2.440614
35 0 10 9 17 4 1 48.764615 2.407119
17 0 0 1 0 1 0 48.875035 2.359801
26 0 0 2 0 1 0 48.868759 2.432993
49 0 0 4 1 2 1 48.836496 2.479563
58 1 4 3 1 2 0 48.821467 2.321579
29 0 3 4 2 1 1 48.915516 2.381410
16 0 9 2 12 2 1 48.833724 2.271385
39 1 2 4 2 3 0 48.892783 2.363560
18 0 1 2 3 2 1 48.886337 2.407339
25 0 1 2 0 6 1 48.814549 2.361166
22 0 1 2 3 2 1 48.812175 2.303502
35 0 6 5 5 3 1 48.798584 2.382130
27 0 0 2 0 0 1 48.877437 2.386074
43 0 0 2 0 4 1 48.886472 2.332890
58 0 9 2 2 2 1 48.866718 2.369254
64 0 39 4 44 1 1 48.837695 2.275374
50 0 1 2 0 0 1 48.836817 2.331279
25 0 2 2 3 0 1 48.847803 2.445142
37 0 22 6 28 4 1 48.848226 2.350287
24 1 0 2 0 1 0 48.875090 2.382630
60 0 31 8 17 6 1 48.856212 2.353254
32 0 1 2 0 0 1 48.828013 2.305688
28 0 4 1 3 0 1 48.843949 2.415081
25 1 6 6 6 2 0 48.770936 2.403401
15 0 0 2 0 1 1 48.847062 2.478782
30 1 0 1 0 1 0 48.818145 2.271185
28 1 1 1 0 0 0 48.831633 2.329312
18 0 4 4 1 3 1 48.837668 2.344814
33 0 0 3 0 3 1 48.894019 2.331987
24 0 0 0 0 0 1 48.891102 2.402844
65 1 9 3 15 7 0 48.875902 2.322616
19 1 6 2 9 4 0 48.837964 2.287739
35 0 22 2 15 0 0 48.849930 2.294612
24 0 4 8 11 11 1 48.842644 2.344595
21 0 1 2 0 1 1 48.825219 2.310712
33 0 0 2 2 1 0 48.887940 2.326124
23 0 1 2 4 3 1 48.815270 2.298078
21 1 0 2 0 0 0 48.876111 2.467731
30 0 14 7 6 20 1 48.867037 2.336716
37 1 1 2 0 1 0 48.890451 2.349057
32 0 6 5 11 11 1 48.876140 2.301303
29 0 13 3 11 0 1 48.842408 2.281038
30 0 1 2 1 1 1 48.811116 2.314574
37 0 4 3 0 0 1 48.826702 2.338498
26 1 16 3 16 1 0 48.834959 2.241680
33 0 7 5 13 5 1 48.872420 2.348395
20 0 0 2 1 1 1 48.884672 2.391970
28 0 3 2 2 5 1 48.886062 2.291700
32 0 20 3 20 5 1 48.814114 2.390908
58 0 25 11 38 14 1 48.864921 2.302549
22 1 0 2 0 0 0 48.821092 2.333726
27 0 6 1 1 0 1 48.836591 2.293056
24 1 15 2 13 2 0 48.836192 2.281127
27 0 17 3 24 1 0 48.841547 2.233162
30 0 0 0 0 0 1 48.861773 2.283884
30 0 1 3 1 0 0 48.781384 2.372351
33 0 0 1 0 4 1 48.859359 2.389613
23 0 11 3 15 2 1 48.827540 2.241605
20 0 9 2 9 0 1 48.790114 2.402578
53 0 32 2 33 0 1 48.844425 2.294059
28 0 17 2 22 1 1 48.841072 2.355475
16 0 1 1 0 0 1 48.784528 2.364667
28 0 0 2 0 0 1 48.787554 2.306236
61 0 2 4 1 0 1 48.843628 2.463046
32 0 17 3 18 0 1 48.809446 2.390301
24 0 9 5 6 6 1 48.861327 2.349420
20 0 0 1 0 0 1 48.883546 2.413788
40 1 19 10 22 8 0 48.866143 2.325180
24 0 8 5 13 9 1 48.892663 2.172411
20 1 1 1 1 0 0 48.864311 2.410521
30 1 3 3 0 2 0 48.854898 2.418669
43 0 1 2 1 2 1 48.821476 2.302658
24 1 9 4 15 2 0 48.875066 2.331674
32 0 8 3 6 0 1 48.849208 2.328515
24 0 3 3 5 4 1 48.865316 2.376115
36 0 6 2 3 6 1 48.865804 2.369337
23 0 1 2 0 0 1 48.885325 2.316424
45 0 4 4 0 1 1 48.861125 2.381299
50 1 0 1 0 1 0 48.881287 2.420120
20 0 0 2 0 3 0 48.877951 2.381464
26 0 4 4 2 3 1 48.839109 2.417566
25 1 7 5 8 7 0 48.890566 2.295078
64 0 30 2 30 0 1 48.844835 2.297508
42 0 9 2 17 0 1 48.883498 2.282015
24 0 2 2 1 5 1 48.876720 2.344393
22 0 0 2 0 1 1 48.886115 2.356856
50 0 3 3 5 0 1 48.864495 2.375012
38 0 1 1 0 0 1 48.863875 2.281890
32 0 1 2 3 1 1 48.888637 2.311171
51 1 7 4 1 4 0 48.847563 2.433383
30 0 14 2 14 1 1 48.850348 2.273030
48 0 2 9 1 5 1 48.872688 2.376461
29 0 1 3 1 2 1 48.816940 2.280989
32 0 2 9 5 15 1 48.867412 2.290781
26 0 9 4 14 3 1 48.886591 2.261395
51 0 12 3 1 0 1 48.858925 2.378976
26 0 1 6 1 1 1 48.881255 2.373463
57 0 39 5 48 4 1 48.828375 2.384274
34 0 18 3 12 7 1 48.838020 2.246085
20 0 0 1 0 2 1 48.867462 2.405971
28 0 7 6 7 3 0 48.897910 2.238372
26 0 5 4 2 7 1 48.879919 2.276377
40 1 1 2 0 2 0 48.825770 2.321042
20 0 0 1 0 1 1 48.877141 2.446157
55 1 11 6 6 7 0 48.871624 2.363927
52 0 2 4 1 5 1 48.869213 2.371689
53 0 28 3 35 2 1 48.810571 2.384283
29 1 1 2 0 3 0 48.832278 2.302257
19 0 5 5 13 0 1 48.767204 2.414498
33 0 15 3 25 6 1 48.843095 2.259777
28 0 9 4 17 0 1 48.882977 2.260126
37 0 8 3 5 2 1 48.888800 2.296319
34 1 18 5 18 9 0 48.819212 2.254008
22 0 4 4 17 0 1 48.793873 2.321149
19 0 1 1 0 0 1 48.886786 2.374619
36 0 14 5 23 5 1 48.872989 2.329498
32 0 1 3 0 0 1 48.886394 2.386541
28 1 5 5 5 10 0 48.909423 2.358444
22 0 9 2 15 1 1 48.903798 2.318740
49 0 14 2 13 0 1 48.864661 2.369227
26 1 5 6 10 7 0 48.928254 2.368172
33 1 0 1 0 2 0 48.882633 2.344884
67 0 33 11 40 22 1 48.862383 2.338482
35 0 12 7 14 16 1 48.873722 2.315848
48 1 17 7 30 15 0 48.857797 2.319266
27 0 4 2 2 0 1 48.834861 2.344577
34 0 13 2 23 3 1 48.850331 2.375822
19 0 0 2 0 0 0 48.868895 2.391982
34 1 2 3 2 3 0 48.884674 2.380039
26 0 6 4 9 4 1 48.799824 2.328171
26 0 4 3 7 3 1 48.845717 2.427246
30 0 3 2 0 2 1 48.814280 2.341035
26 0 8 3 6 3 1 48.910482 2.297998
20 0 0 1 0 0 1 48.867362 2.396222
27 0 1 2 1 0 1 48.851603 2.398403
25 1 1 2 0 1 0 48.818495 2.374417
40 1 6 5 1 2 0 48.930094 2.356404
38 1 2 4 0 0 0 48.830617 2.292063
42 0 2 3 1 0 1 48.856702 2.445072
26 1 2 2 1 4 0 48.894650 2.381868
34 0 15 4 20 3 1 48.852192 2.374093
33 0 1 2 2 1 1 48.894902 2.364849
38 0 9 3 21 4 0 48.892372 2.205549
25 0 10 3 3 7 1 48.804760 2.418037
29 0 7 5 10 7 1 48.938703 2.223417
36 0 1 2 0 2 1 48.888537 2.356161
30 1 2 3 3 4 0 48.888790 2.378500
45 0 1 1 1 0 1 48.834465 2.329339
18 0 5 2 0 5 1 48.846171 2.379307
23 0 1 2 3 2 1 48.877475 2.373971
31 0 19 3 22 5 1 48.850571 2.347101
58 0 10 3 5 2 0 48.868397 2.367893
23 0 1 2 3 7 1 48.877786 2.337430
50 0 7 3 7 5 1 48.888732 2.288158
16 0 5 1 0 1 1 48.842648 2.386165
28 1 3 4 8 1 0 48.802572 2.378669
36 0 10 8 23 12 0 48.876602 2.312977
26 0 16 3 18 5 1 48.830917 2.279071
28 1 4 2 2 0 0 48.887809 2.300095
30 0 12 4 4 3 1 48.878668 2.242034
20 0 2 3 3 0 1 48.907174 2.269540
33 0 1 2 0 0 1 48.859403 2.276522
63 0 15 4 6 2 1 48.853375 2.382862
47 1 26 3 5 2 0 48.851479 2.296710
23 0 2 4 1 0 1 48.894848 2.418834
19 0 1 2 1 0 1 48.886675 2.361361
21 0 1 3 0 0 1 48.888013 2.373760
43 0 3 2 1 1 1 48.871380 2.369896
19 0 4 3 7 0 1 48.845728 2.423601
56 0 14 3 6 5 1 48.894156 2.314389
46 0 5 4 1 2 1 48.878439 2.297728
40 1 24 4 31 4 0 48.820282 2.473775
30 0 4 4 4 2 0 48.911186 2.379865
15 0 3 2 2 1 1 48.844291 2.389648
24 0 4 2 2 0 1 48.850501 2.389086
47 0 16 4 16 2 1 48.857203 2.315277
0 1 0 0 0 0 0 48.894320 2.432552
39 0 4 1 33 4 1 48.847186 2.353486
28 0 12 7 15 8 1 48.855280 2.337574
33 1 3 2 1 0 0 48.846454 2.415514
25 1 13 1 13 2 0 48.823934 2.260692
42 0 15 9 29 12 1 48.872933 2.309796
33 0 8 7 10 8 1 48.878772 2.270772
39 0 15 4 23 9 1 48.893480 2.277525
59 1 33 2 38 2 0 48.847567 2.302569
43 0 2 2 4 0 1 48.808932 2.334946
22 0 2 1 1 2 1 48.881804 2.292109
19 0 0 2 1 2 1 48.885120 2.347195
66 1 36 4 6 3 0 48.875260 2.249416
48 0 5 3 2 4 1 48.903908 2.383006
33 0 5 3 2 0 1 48.908121 2.378623
19 0 4 7 6 10 1 48.848191 2.341832
25 0 4 3 5 2 1 48.868807 2.185428
22 0 4 3 2 5 0 48.906638 2.246796
36 1 4 4 0 6 0 48.827817 2.370549
27 0 4 3 5 2 1 48.898352 2.386150
23 1 1 2 1 2 0 48.836173 2.319392
40 1 5 12 9 24 0 48.918356 2.352343
18 0 1 1 2 0 0 48.864328 2.272417
49 0 29 6 34 9 1 48.832308 2.386370
30 0 13 2 8 0 1 48.844879 2.290576
18 0 2 1 0 1 1 48.871552 2.202503
50 0 5 3 7 0 1 48.897384 2.395999
35 1 4 3 0 2 0 48.899387 2.250651
34 0 8 7 13 15 1 48.903281 2.368072
33 0 7 5 19 10 1 48.847939 2.260840
26 0 11 4 19 0 1 48.795929 2.426184
76 0 23 16 33 32 1 48.861411 2.320121
26 0 1 1 0 0 1 48.852567 2.403928
24 0 2 2 1 1 1 48.812405 2.361709
25 0 4 3 0 3 1 48.888912 2.195632
40 0 21 5 34 2 1 48.845665 2.355653
22 0 2 3 1 0 0 48.892062 2.409174
31 0 2 2 2 2 1 48.878200 2.299286
30 0 11 5 11 4 1 48.926505 2.239070
28 0 7 2 7 1 1 48.905170 2.302384
24 0 1 4 0 5 1 48.812657 2.192175
54 0 1 2 1 1 1 48.895878 2.322678
26 0 14 4 14 3 1 48.870797 2.227700
25 0 2 3 1 3 1 48.855939 2.441532
35 0 14 3 0 0 1 48.839795 2.382607
42 0 4 3 5 4 1 48.862181 2.261787
28 1 3 4 1 3 0 48.894992 2.425376
23 0 0 1 0 0 1 48.833299 2.317338
21 0 0 2 0 1 1 48.871956 2.384981
25 0 0 1 0 1 1 48.870180 2.396727
50 0 1 2 2 3 1 48.864459 2.416178
35 0 9 4 7 0 1 48.848274 2.329241
23 0 0 2 0 4 1 48.838634 2.172410
51 0 3 4 0 1 1 48.824407 2.418455
32 0 0 1 0 2 1 48.870683 2.398960
22 0 0 2 2 3 1 48.886507 2.393816
31 1 9 2 18 3 0 48.849307 2.417950
23 0 1 2 1 0 0 48.836300 2.310446
51 0 39 3 43 5 1 48.850785 2.287159
18 0 3 4 8 9 1 48.881078 2.309549
18 1 0 2 0 1 0 48.884147 2.341845
17 0 5 2 6 4 1 48.873972 2.348389
24 1 9 3 2 6 0 48.906365 2.283507
20 0 5 5 12 4 0 48.901365 2.212693
20 0 0 2 1 0 1 48.891041 2.340015
27 0 0 1 1 0 1 48.870332 2.388778
49 0 24 5 9 11 1 48.839062 2.349978
29 0 5 2 7 0 1 48.841486 2.430793
34 0 22 5 33 1 0 48.850310 2.345016
71 0 55 4 53 1 1 48.851315 2.291950
26 0 4 8 12 11 1 48.873530 2.303445
48 0 1 3 2 0 1 48.822764 2.324931
18 0 0 1 0 0 1 48.870714 2.424097
18 1 7 3 6 4 0 48.853148 2.326391
21 0 7 3 11 2 1 48.825802 2.248799
31 1 1 2 2 2 0 48.813240 2.331972
50 1 13 3 32 0 0 48.907828 2.307888
29 0 9 5 24 3 1 48.870791 2.343101
32 0 12 4 6 5 1 48.853459 2.377246
51 0 28 4 35 12 1 48.844183 2.364037
32 0 13 5 21 1 1 48.858943 2.331418
42 1 15 5 26 4 0 48.851545 2.314615
47 0 1 3 1 3 1 48.883475 2.326493
26 0 1 2 1 2 1 48.870346 2.384221
34 0 2 3 5 3 1 48.887139 2.314494
14 1 1 2 3 7 0 48.876156 2.360915
27 0 6 3 0 0 1 48.902450 2.330481
35 0 4 1 0 0 1 48.823316 2.354336
50 0 16 5 26 7 1 48.898418 2.279131
30 0 1 2 0 2 1 48.830596 2.311918
51 0 15 7 24 15 1 48.837488 2.365214
49 0 20 3 16 3 0 48.852422 2.380632
54 0 32 3 43 4 1 48.836718 2.283664
30 1 1 3 1 1 0 48.828905 2.316481
46 0 4 3 2 3 1 48.874330 2.362123
28 0 1 5 1 2 1 48.852529 2.487733
35 0 12 3 2 1 1 48.844867 2.382579
58 0 30 7 51 5 1 48.833218 2.267757
36 0 9 4 0 2 1 48.835434 2.407713
32 0 0 2 0 0 1 48.876604 2.404770
55 0 15 3 18 1 1 48.850235 2.330382
63 0 9 4 1 0 1 48.839594 2.301066
27 1 18 3 26 1 0 48.837809 2.228152
38 0 0 2 1 2 1 48.862544 2.403290
52 1 28 7 34 7 0 48.855629 2.325660
18 0 2 5 4 9 1 48.842742 2.335021
28 0 13 4 17 6 1 48.834846 2.247946
25 0 5 2 0 2 0 48.902455 2.312893
19 0 1 0 1 0 1 48.886252 2.368930
38 0 1 1 1 0 1 48.854937 2.436049
34 0 13 8 21 4 0 48.925407 2.364443
56 0 1 3 1 2 1 48.897488 2.343996
26 0 5 2 0 0 1 48.898708 2.329536
19 1 1 1 0 0 0 48.794902 2.373418
46 0 4 3 1 3 1 48.885263 2.298286
36 0 1 3 1 0 1 48.862239 2.443586
30 0 8 4 11 3 1 48.946504 2.249640
31 0 18 4 17 0 1 48.842882 2.222245
34 0 20 6 27 5 1 48.830948 2.379654
51 0 17 4 29 16 1 48.832294 2.367452
15 0 0 0 2 0 1 48.881823 2.320259
58 1 18 14 32 11 0 48.868900 2.339754
26 1 2 4 0 2 0 48.822233 2.421533
22 0 0 1 2 0 1 48.878249 2.341181
24 1 0 1 0 1 0 48.879799 2.374839
21 0 6 4 6 12 1 48.847498 2.268484
39 0 18 4 23 9 1 48.845763 2.236965
23 1 6 3 6 4 0 48.890404 2.270106
40 0 1 3 1 3 1 48.892939 2.344551
29 1 1 2 0 3 0 48.886207 2.320624
15 0 0 0 0 0 1 48.869154 2.409322
33 1 10 8 24 8 0 48.871816 2.337202
19 0 0 1 0 0 1 48.826503 2.309275
26 1 8 7 15 6 0 48.876356 2.264205
49 1 1 5 1 6 0 48.857429 2.432305
22 0 11 2 10 3 1 48.844974 2.287283
41 0 2 1 4 0 1 48.875605 2.399555
26 0 4 3 7 1 1 48.883770 2.298585
22 0 12 4 18 4 0 48.852297 2.341413
20 0 0 1 0 0 1 48.852492 2.462035
25 1 3 2 4 2 0 48.877532 2.294513
20 0 2 1 0 1 1 48.893839 2.325954
29 1 4 4 1 4 0 48.896596 2.384599
47 0 2 2 2 3 1 48.889600 2.362853
20 0 0 1 0 0 1 48.875504 2.389033
39 0 1 2 0 1 1 48.894378 2.341512
23 0 0 2 1 2 1 48.820865 2.291113
18 1 1 1 2 1 0 48.901651 2.401755
24 0 0 1 0 0 1 48.855586 2.408763
23 0 1 1 2 0 1 48.858367 2.274452
25 0 9 5 15 4 1 48.874284 2.332977
31 0 0 1 1 1 1 48.878255 2.345264
15 0 0 1 0 0 1 48.865001 2.403981
46 0 3 2 2 1 1 48.839403 2.329715
43 0 20 1 0 0 1 48.842435 2.292182
55 0 7 5 10 3 1 48.898597 2.368972
11 0 0 2 3 4 1 48.877018 2.351318
24 0 0 1 0 0 1 48.887536 2.334308
48 0 9 5 1 12 1 48.911380 2.334008
43 0 7 4 5 5 1 48.860934 2.375841
27 1 0 2 0 0 0 48.875327 2.424162
25 1 2 3 0 3 0 48.902716 2.393327
53 0 32 4 26 10 1 48.848207 2.289866
22 0 12 2 7 7 1 48.831449 2.241240
34 0 18 7 23 5 1 48.851905 2.347842
37 0 10 3 0 1 1 48.856434 2.379021
36 1 22 3 18 1 0 48.814889 2.422436
23 0 1 1 0 2 1 48.890883 2.368858
15 1 2 5 4 5 0 48.868145 2.296150
27 0 10 6 9 10 1 48.859280 2.346622
16 1 1 1 2 1 0 48.835868 2.337980
21 0 9 2 8 0 1 48.808964 2.434520
17 0 1 1 2 0 1 48.879398 2.333709
27 0 14 2 17 3 1 48.848280 2.237342
34 0 1 2 1 4 1 48.896692 2.338023
43 0 2 2 2 1 1 48.849259 2.391755
50 0 10 2 9 2 1 48.879893 2.258767
17 0 2 1 0 0 1 48.843085 2.320264
24 0 18 2 22 0 1 48.826886 2.272341
27 0 6 4 10 4 0 48.890341 2.292068
33 1 0 2 1 0 0 48.857140 2.404351
40 0 8 5 2 1 1 48.935543 2.347149
33 0 9 3 3 3 1 48.870948 2.361205
15 0 0 2 0 0 1 48.857803 2.277501
62 0 6 2 2 0 1 48.852861 2.268484
22 0 0 2 0 0 1 48.853869 2.402426
23 0 11 3 11 5 1 48.850188 2.327596
47 0 30 3 29 3 1 48.851329 2.277786
26 0 1 2 0 2 1 48.879961 2.321359
29 1 1 2 2 4 0 48.881092 2.340822
33 0 0 1 0 0 1 48.886674 2.353206
16 0 6 3 6 7 1 48.858297 2.323793
37 0 3 2 0 1 0 48.856986 2.282173
45 0 2 2 0 1 1 48.809564 2.362691
32 1 1 2 1 1 0 48.834255 2.317609
20 0 0 2 0 0 1 48.856319 2.410397
44 0 19 4 30 0 1 48.825642 2.375023
24 0 2 2 1 0 0 48.856192 2.215297
66 0 6 9 4 6 1 48.841807 2.319510
20 0 7 3 9 1 1 48.853554 2.363912
26 0 12 4 23 0 1 48.852575 2.331553
46 0 3 2 1 1 1 48.887071 2.304111
40 0 17 2 21 0 1 48.856692 2.306647
28 1 0 2 0 8 0 48.883886 2.367199
33 0 6 6 0 3 1 48.778917 2.288736
33 0 14 7 15 15 1 48.849542 2.337939
44 0 17 3 15 3 1 48.847208 2.386127
22 0 14 2 17 2 1 48.833469 2.285872
19 1 5 3 1 8 0 48.875602 2.343570
44 0 0 3 0 0 1 48.889678 2.338179
42 1 0 1 0 0 0 48.874191 2.386004
21 0 8 4 10 3 1 48.862654 2.367033
27 0 13 7 18 6 1 48.860090 2.344058
50 1 8 3 21 6 0 48.837702 2.360495
40 0 1 3 0 5 1 48.831482 2.356755
30 1 10 10 14 3 0 48.939959 2.327957
29 0 0 1 0 2 1 48.873803 2.427820
32 0 0 1 0 0 1 48.881049 2.424993
51 0 9 5 14 2 1 48.878021 2.284237
55 0 41 4 40 4 1 48.827473 2.278432
22 0 7 3 3 3 1 48.774661 2.313588
29 0 10 7 10 5 1 48.858256 2.358218
21 0 7 7 2 2 0 48.813811 2.509676
34 0 0 3 1 0 1 48.864928 2.442958
36 0 0 1 2 1 1 48.882556 2.349748
22 0 9 2 2 0 1 48.832265 2.238041
30 0 1 2 1 0 1 48.881154 2.358411
31 0 13 5 23 3 1 48.865242 2.351667
26 0 1 2 0 3 1 48.876500 2.379407
31 0 0 0 0 0 1 48.877322 2.408378
28 0 1 1 0 1 1 48.892511 2.352223
49 1 22 8 19 8 0 48.852233 2.326658
29 0 1 3 4 4 1 48.875352 2.296442
26 0 11 1 20 3 1 48.891834 2.300145
20 0 4 5 0 1 1 48.898748 2.364575
50 0 3 4 1 0 1 48.821769 2.368871
58 0 17 7 39 11 1 48.861273 2.309454
36 0 11 7 13 8 1 48.853900 2.356947
60 0 11 6 3 1 1 48.833806 2.413222
66 0 38 9 43 1 1 48.839967 2.378863
23 0 1 2 2 0 1 48.833206 2.336911
42 0 16 3 21 3 1 48.847461 2.312614
65 1 36 3 22 12 0 48.840640 2.278062
30 0 4 3 0 2 1 48.903906 2.294691
45 0 1 3 4 1 1 48.858535 2.427351
26 0 5 2 2 0 1 48.932615 2.355954
31 0 2 2 3 1 1 48.888187 2.316861
31 0 0 2 1 0 1 48.867939 2.400365
52 0 0 3 0 4 0 48.891837 2.335426
34 0 9 4 4 1 1 48.855551 2.375278
23 1 0 0 0 0 0 48.843156 2.283109
48 0 4 2 0 0 1 48.867877 2.372706
44 0 11 7 17 7 1 48.871612 2.345873
32 1 9 2 12 2 0 48.841776 2.298654
34 0 3 2 4 0 1 48.856836 2.478024
33 0 3 3 3 0 1 48.823655 2.361572
23 0 0 3 0 4 1 48.883122 2.386367
23 0 1 3 1 1 1 48.824637 2.367801
22 0 14 1 14 2 1 48.834768 2.284142
27 0 0 1 0 0 1 48.856962 2.408695
32 0 3 3 1 4 0 48.855603 2.390546
26 0 6 4 2 2 1 48.893145 2.288882
51 0 12 4 5 4 0 48.903654 2.305935
23 1 9 3 5 4 0 48.855297 2.339947
25 0 1 1 1 0 1 48.820215 2.323414
33 0 2 2 0 0 1 48.852738 2.429966
21 0 10 3 12 4 1 48.804307 2.443736
32 0 4 4 1 1 1 48.906616 2.389432
28 0 5 5 2 8 1 48.868997 2.346925
25 0 8 4 14 5 1 48.862408 2.311362
25 0 13 6 16 4 1 48.866484 2.334433
53 0 18 11 29 20 1 48.873451 2.320404
25 0 12 4 12 10 1 48.849696 2.352969
30 0 1 2 2 2 1 48.875444 2.293824
34 0 3 2 2 2 1 48.831388 2.340856
34 0 1 2 0 0 1 48.875022 2.370478
44 0 22 2 17 3 1 48.851358 2.383823
30 0 4 2 2 3 1 48.875789 2.347290
25 0 0 1 0 2 1 48.868034 2.411031
32 0 12 6 19 6 1 48.869113 2.332515
15 0 7 2 7 2 1 48.849704 2.364461
34 0 7 4 7 7 1 48.868602 2.355701
31 0 6 11 7 22 1 48.869518 2.302426
43 0 23 4 22 2 1 48.850533 2.383756
33 0 8 5 4 11 1 48.866174 2.344978
22 1 4 7 12 9 0 48.870340 2.300820
40 0 6 5 5 2 1 48.840702 2.409668
28 0 8 3 11 4 1 48.881742 2.271005
27 0 1 3 0 0 1 48.882563 2.381262
22 0 4 2 7 0 1 48.881699 2.283658
28 1 1 2 2 0 0 48.883780 2.376477
31 0 18 3 22 5 1 48.840096 2.239873
25 0 7 4 10 0 1 48.888559 2.264200
30 0 4 1 0 0 1 48.892809 2.412435
36 0 1 3 0 0 1 48.827588 2.349215
30 0 0 1 0 1 1 48.863387 2.409726
36 0 23 5 28 5 1 48.836379 2.372340
20 1 6 2 7 3 0 48.863376 2.371133
50 0 22 12 41 8 1 48.849687 2.343500
46 0 20 2 6 0 1 48.840219 2.263834
42 0 18 3 22 2 1 48.818165 2.245811
32 1 5 4 5 4 0 48.876614 2.339766
58 0 18 17 24 27 1 48.865346 2.310194
52 0 2 4 0 3 1 48.859247 2.386554
21 1 2 2 1 5 0 48.856399 2.275240
55 0 28 8 34 8 1 48.832120 2.388618
53 0 4 2 0 0 1 48.890330 2.319731
56 0 36 4 22 5 1 48.833289 2.244175
39 1 5 4 1 4 0 48.842886 2.324428
55 0 2 4 1 1 1 48.824791 2.336125
66 0 52 5 60 5 1 48.833724 2.386602
25 0 5 3 1 3 1 48.882604 2.277363
30 0 1 2 0 0 1 48.884845 2.358930
50 1 4 5 0 7 0 48.827746 2.418365
37 0 3 4 2 1 1 48.899051 2.336553
22 0 1 1 1 1 1 48.820929 2.356318
33 0 4 3 14 1 1 48.821443 2.215079
46 0 16 3 12 3 1 48.847176 2.307052
26 0 8 3 7 2 1 48.896798 2.298468
30 1 9 2 10 1 0 48.898969 2.308651
31 0 0 1 0 0 1 48.872667 2.407913
30 0 1 4 1 0 1 48.786953 2.351859
24 0 1 1 1 2 1 48.830776 2.336180
46 1 36 2 39 4 0 48.837808 2.240838
20 0 0 2 0 0 1 48.862218 2.455334
49 1 32 1 17 3 0 48.822632 2.377738
23 1 0 1 0 2 0 48.885261 2.334560
18 0 9 1 3 0 1 48.817968 2.419953
18 0 7 3 3 1 1 48.855581 2.368433
24 0 1 2 2 1 1 48.821772 2.313156
29 1 13 4 21 4 0 48.822556 2.392040
48 0 3 2 0 0 1 48.847238 2.410704
24 1 8 3 19 1 0 48.873267 2.340753
22 0 0 1 0 0 1 48.787402 2.227883
43 0 15 3 18 3 1 48.895029 2.195793
24 0 8 5 14 3 1 48.857316 2.221092
28 0 0 2 0 0 0 48.877871 2.395907
29 0 0 2 0 0 0 48.834534 2.313155
25 1 1 3 1 1 0 48.874406 2.373807
33 0 0 2 0 2 1 48.880052 2.400865
19 0 1 8 1 7 1 48.876290 2.500694
20 0 0 2 0 0 1 48.876264 2.456282
53 0 4 4 5 2 1 48.892778 2.327034
35 0 2 3 0 0 1 48.838751 2.460549
60 0 7 5 3 2 1 48.897307 2.400792
49 0 1 2 1 0 1 48.858463 2.414795
15 0 0 2 2 3 0 48.880788 2.324815
43 1 18 9 20 11 0 48.838946 2.370424
31 1 0 1 0 1 0 48.881791 2.403060
65 1 21 6 37 6 0 48.860680 2.314848
38 0 3 2 8 3 1 48.835077 2.341574
19 0 4 3 7 0 1 48.914053 2.412637
65 0 9 9 16 10 1 48.906807 2.364541
39 0 4 2 2 2 1 48.840149 2.304433
21 1 0 1 0 0 0 48.873341 2.413354
31 1 15 4 22 1 0 48.858103 2.300407
17 0 1 1 0 0 1 48.847041 2.416045
27 0 11 4 5 0 1 48.846824 2.366936
39 0 7 3 1 1 1 48.864660 2.373162
50 0 10 8 4 2 1 48.837442 2.440452
60 0 6 2 20 2 1 48.831152 2.343822
17 0 2 2 0 1 1 48.877851 2.339670
25 0 2 4 0 1 1 48.879089 2.354235
30 1 10 1 1 0 0 48.840440 2.294867
26 0 1 2 0 2 1 48.881270 2.368186
20 1 1 1 1 2 0 48.878114 2.329560
52 0 31 5 42 7 1 48.833251 2.276540
40 0 3 3 0 3 0 48.820482 2.366832
15 1 2 2 1 0 0 48.816219 2.344227
37 1 3 3 2 2 0 48.881307 2.294846
48 0 9 4 29 2 1 48.870893 2.353521
16 0 4 2 2 1 1 48.898965 2.296279
38 0 11 2 3 0 1 48.860026 2.371054
50 0 2 2 5 4 1 48.868831 2.380986
28 1 0 2 1 1 0 48.812108 2.325837
69 0 35 4 48 9 1 48.840659 2.353752
15 0 2 4 1 3 1 48.874575 2.356796
24 0 0 1 0 1 1 48.817700 2.260931
21 0 0 2 0 1 1 48.879597 2.388791
17 1 0 3 1 2 0 48.866423 2.285863
29 1 16 3 27 0 0 48.827141 2.234235
20 0 0 1 0 1 1 48.879596 2.354473
29 0 7 2 4 2 1 48.877898 2.278959
33 1 22 4 23 6 0 48.849269 2.281863
41 0 23 6 19 5 1 48.843840 2.370445
24 0 3 5 2 3 1 48.863354 2.286421
40 1 7 10 11 21 0 48.864917 2.292675
31 0 6 3 5 2 1 48.884947 2.267703
31 1 1 5 1 2 0 48.879331 2.368449
32 0 5 2 0 0 1 48.896872 2.303922
30 0 1 3 4 3 1 48.825376 2.287235
20 0 0 2 0 1 1 48.849497 2.475016
51 1 1 2 0 2 0 48.819002 2.292150
24 0 14 3 12 6 1 48.785997 2.329956
23 1 3 3 2 4 0 48.866327 2.371116
48 1 15 2 6 3 0 48.837677 2.295587
29 0 0 2 0 1 1 48.864273 2.435784
26 0 15 3 20 0 1 48.801082 2.402097
42 0 2 3 1 5 1 48.852587 2.262925
44 0 22 3 13 2 0 48.847977 2.296625
18 0 1 1 0 0 1 48.823284 2.365910
20 0 8 3 13 2 1 48.842450 2.239890
40 0 25 3 23 8 0 48.830764 2.252024
22 1 11 2 9 1 0 48.852936 2.280450
11 0 0 2 0 0 1 48.829002 2.301431
38 0 4 3 6 5 1 48.878155 2.288518
34 0 0 2 0 2 1 48.790845 2.287146
20 1 1 2 1 1 0 48.853984 2.412083
20 0 0 3 0 1 1 48.786404 2.338848
47 0 5 6 1 5 1 48.867937 2.377885
26 0 16 2 19 3 1 48.820881 2.236722
28 1 5 2 5 5 0 48.876733 2.283458
46 0 11 10 20 17 0 48.866769 2.315765
46 0 35 2 40 1 1 48.824946 2.388566
31 1 13 3 2 3 0 48.822699 2.268650
25 0 3 1 1 1 1 48.873117 2.359305
28 0 6 2 2 1 1 48.826312 2.344586
35 1 20 3 25 6 0 48.824352 2.241791
21 0 11 4 11 1 1 48.852916 2.352196
30 0 2 2 1 1 1 48.875388 2.355957
17 0 0 1 0 0 0 48.885109 2.435679
23 1 0 0 0 1 0 48.861451 2.405686
36 0 1 1 0 2 1 48.817188 2.323842
31 0 15 6 20 4 1 48.853884 2.349380
35 0 0 1 0 1 1 48.869503 2.450226
28 0 9 5 11 15 1 48.841589 2.348490
24 1 6 8 10 14 0 48.870460 2.301040
45 0 21 9 27 4 1 48.927640 2.330899
50 0 2 3 0 2 1 48.851617 2.401514
13 0 1 1 2 0 1 48.817162 2.360236
30 1 1 3 1 2 0 48.807194 2.353984
23 1 0 1 0 1 0 48.860532 2.409159
36 0 3 3 1 3 1 48.857341 2.264417
18 0 4 2 2 3 1 48.829268 2.365212
33 1 4 3 1 3 0 48.841488 2.323323
44 0 1 2 2 1 1 48.882164 2.319853
48 0 2 3 1 1 1 48.883547 2.313193
34 0 14 2 15 1 1 48.848583 2.299348
20 0 5 1 11 0 1 48.905658 2.234595
30 0 18 3 22 3 1 48.814779 2.398075
0 0 0 0 0 0 0 48.869496 2.306614
11 0 1 2 6 3 1 48.835405 2.358218
30 0 2 4 0 0 1 48.783022 2.463736
40 0 13 3 1 5 1 48.842900 2.384740
28 0 11 5 17 8 1 48.898269 2.284934
30 1 1 2 1 1 0 48.822032 2.329095
36 0 5 4 2 3 1 48.890358 2.303629
37 0 2 4 1 3 1 48.896377 2.374369
22 1 11 2 15 1 0 48.787483 2.397673
23 1 11 5 13 7 0 48.855258 2.347375
25 0 5 3 7 6 1 48.870047 2.351125
45 0 2 2 2 3 1 48.895809 2.327897
28 0 12 2 8 1 1 48.810315 2.343959
33 0 6 5 8 7 1 48.843734 2.333428
21 0 6 2 1 0 1 48.822203 2.350422
31 0 1 1 1 0 1 48.815388 2.320887
17 0 8 3 10 0 1 48.825299 2.394568
31 0 1 3 0 0 1 48.796261 2.317289
23 0 1 2 0 0 1 48.858445 2.390398
26 0 0 1 0 0 1 48.817109 2.319311
74 0 53 4 56 0 1 48.847912 2.284306
30 0 0 1 0 0 0 48.880883 2.349934
41 1 2 6 5 20 0 48.867952 2.281463
45 0 19 4 10 2 1 48.845666 2.374145
32 1 15 6 13 12 0 48.886523 2.173961
21 0 2 2 0 1 1 48.893920 2.417982
46 1 29 5 35 5 0 48.802534 2.427504
39 0 26 4 36 0 1 48.815160 2.459288
26 0 2 2 0 0 1 48.819909 2.359295
40 0 2 2 0 2 1 48.876327 2.358546
45 1 32 1 39 0 0 48.846276 2.278637
41 0 2 2 0 2 1 48.827649 2.326197
30 1 17 6 20 6 0 48.837308 2.374086
22 0 0 0 0 0 0 48.846303 2.420755
27 0 11 5 21 4 1 48.931594 2.288978
20 0 1 3 12 0 1 48.879993 2.207244
25 0 1 2 0 0 1 48.849727 2.452014
37 0 3 2 2 6 1 48.885928 2.293345
39 0 20 4 28 9 1 48.836956 2.274107
38 0 3 2 1 0 1 48.875211 2.284278
21 0 1 2 0 3 1 48.840409 2.315437
27 0 9 3 16 2 1 48.891999 2.284263
32 0 7 4 9 1 1 48.846129 2.324267
20 0 0 3 0 0 1 48.885124 2.349696
30 0 2 2 0 3 1 48.890623 2.383370
43 0 5 3 1 5 1 48.842726 2.312566
36 0 0 3 0 1 1 48.884687 2.344139
33 0 1 3 0 3 1 48.800612 2.262151
36 0 2 4 2 3 1 48.829575 2.369126
25 0 1 2 1 2 1 48.882291 2.333241
33 1 8 4 12 8 0 48.896118 2.317909
33 1 0 0 0 0 0 48.892595 2.317140
23 0 7 6 7 7 1 48.860135 2.350064
42 0 21 2 33 0 1 48.847051 2.295341
36 0 11 5 2 8 1 48.898197 2.293848
22 0 1 2 0 0 1 48.819267 2.301200
16 1 2 7 3 8 0 48.845128 2.345457
38 1 6 5 13 8 0 48.879508 2.314546
47 1 1 3 0 0 0 48.854176 2.396093
62 0 41 5 49 9 1 48.829655 2.263868
20 0 7 4 8 3 1 48.860449 2.346016
30 0 4 6 12 2 1 48.918440 2.393563
40 1 13 3 20 6 0 48.856927 2.309622
30 0 16 3 23 7 0 48.834388 2.265682
22 0 3 3 8 0 1 48.896213 2.409458
20 0 0 2 0 2 1 48.853850 2.470307
23 0 7 5 4 7 1 48.894036 2.266634
34 1 5 3 5 4 0 48.845358 2.396502
28 0 9 6 7 1 1 48.778503 2.400679
22 0 6 3 13 2 0 48.790380 2.389523
33 1 2 3 5 3 0 48.884902 2.310939
62 1 21 2 5 4 0 48.845848 2.301757
21 0 0 1 0 0 0 48.882943 2.346485
25 0 14 2 6 4 1 48.943420 2.248748
39 0 0 1 0 0 1 48.878619 2.412033
22 0 4 3 7 2 1 48.915024 2.403528
51 1 21 7 11 5 0 48.837853 2.382064
24 0 1 2 0 1 1 48.879359 2.366596
18 1 6 5 7 3 0 48.853305 2.334465
26 0 2 2 1 1 1 48.830099 2.350273
20 0 8 3 4 0 1 48.931268 2.260378
23 0 13 2 15 4 1 48.854719 2.295217
53 1 18 10 27 23 0 48.873330 2.335263
29 0 3 6 5 20 1 48.874511 2.299472
24 0 3 2 0 1 1 48.890097 2.317378
28 0 20 2 22 0 1 48.827090 2.260686
25 0 7 3 9 10 1 48.876694 2.330536
16 0 0 1 0 1 1 48.882152 2.346325
25 0 0 0 0 0 1 48.871812 2.300239
37 1 1 2 1 1 0 48.893745 2.347668
30 1 4 6 13 15 0 48.897874 2.218282
21 0 4 4 13 2 1 48.842762 2.352408
45 0 1 2 0 0 1 48.856232 2.426436
29 0 18 3 22 5 1 48.824753 2.258839
44 0 3 3 5 2 1 48.839989 2.400526
42 0 16 5 6 3 1 48.850440 2.378901
40 0 9 2 3 0 1 48.829523 2.343570
43 0 13 2 3 0 1 48.837878 2.404405
20 0 6 2 10 1 1 48.873782 2.344514
27 0 3 1 3 2 1 48.841924 2.389729
22 0 9 5 16 3 1 48.869789 2.326347
33 1 6 3 3 0 0 48.834605 2.397065
15 0 1 1 0 2 1 48.877356 2.354511
30 0 15 2 12 2 1 48.842668 2.361859
34 0 1 2 0 1 1 48.846299 2.472420
27 1 3 2 1 3 0 48.782669 2.381318
39 0 13 7 29 5 1 48.871348 2.341459
26 1 10 3 3 3 0 48.848175 2.376358
25 0 1 2 0 0 1 48.824852 2.292593
32 0 16 7 14 14 1 48.858835 2.351828
45 0 20 5 37 5 1 48.851519 2.343670
40 0 11 3 14 3 1 48.846043 2.313245
40 0 7 5 2 6 1 48.947022 2.256898
14 1 3 3 3 4 0 48.877932 2.318264
12 0 1 1 0 1 1 48.835969 2.302064
24 0 0 2 1 2 1 48.819306 2.278934
32 0 16 3 11 2 1 48.824364 2.213105
21 0 8 3 12 2 1 48.851656 2.335500
38 0 5 3 1 0 1 48.844611 2.317914
27 0 2 3 0 0 1 48.783195 2.242913
47 0 0 0 0 0 1 48.843052 2.295200
20 0 11 2 3 1 0 48.802936 2.425310
25 0 14 3 15 2 1 48.834848 2.366826
32 1 18 2 18 2 0 48.823394 2.249707
20 0 2 3 0 2 1 48.918450 2.372709
20 0 0 2 1 2 1 48.879852 2.345232
44 0 22 5 40 0 1 48.828876 2.374438
23 0 1 3 7 2 1 48.881253 2.316538
37 0 28 2 33 0 1 48.846401 2.285020
30 0 4 1 14 1 1 48.852307 2.415605
24 0 0 2 0 0 1 48.884331 2.408290
32 0 1 2 0 0 1 48.832546 2.325492
39 1 1 2 0 2 0 48.827480 2.331922
27 0 6 4 3 2 1 48.815072 2.412167
23 0 11 4 14 6 1 48.855451 2.333472
22 0 1 1 0 0 1 48.833700 2.321500
28 0 1 1 3 0 1 48.852920 2.410523
36 0 5 6 9 2 1 48.863023 2.268719
30 0 4 3 3 0 1 48.915097 2.375951
17 1 7 4 9 6 0 48.871446 2.338290
36 0 22 2 27 5 0 48.838507 2.278287
42 0 0 0 8 6 1 48.863933 2.352406
31 0 4 3 3 0 1 48.875000 2.352276
33 0 19 3 11 0 1 48.856932 2.370675
51 0 1 3 0 0 1 48.849974 2.455576
24 0 1 1 0 0 1 48.880956 2.352431
20 1 1 2 1 2 0 48.886970 2.366849
18 0 0 0 0 0 1 48.871747 2.372253
43 0 0 0 0 0 1 48.787714 2.446191
33 1 0 1 1 1 0 48.864707 2.408345
42 0 2 4 2 0 1 48.840303 2.394630
45 1 1 2 2 0 0 48.830058 2.323230
18 0 6 2 4 2 1 48.870702 2.358740
42 0 4 4 0 1 1 48.868778 2.274355
60 0 28 6 38 16 1 48.845248 2.256902
30 1 13 2 7 0 0 48.815584 2.350503
43 0 22 10 23 15 1 48.869228 2.324421
32 0 1 3 2 1 0 48.872859 2.370072
36 0 3 2 0 0 1 48.846822 2.400113
20 0 0 1 0 1 1 48.789098 2.368388
27 1 3 3 1 1 0 48.841161 2.324595
22 0 8 2 16 1 0 48.919899 2.314585
28 1 1 2 1 1 0 48.895433 2.353018
38 0 12 3 6 3 1 48.837509 2.257765
33 0 13 6 23 2 1 48.862630 2.349807
43 1 8 7 1 2 0 48.843828 2.322581
62 0 20 3 23 6 1 48.844768 2.311009
30 0 7 4 3 5 1 48.898760 2.375326
30 0 1 4 2 0 1 48.797223 2.302116
23 0 7 2 2 2 1 48.854284 2.384767
36 0 16 11 24 10 1 48.848904 2.347349
31 0 1 2 2 2 0 48.870809 2.281149
52 0 29 3 22 3 1 48.847810 2.365936
38 0 4 5 0 4 1 48.898801 2.352402
36 0 14 7 16 6 1 48.860135 2.361121
15 0 1 3 1 9 1 48.841739 2.331552
63 0 14 6 22 5 1 48.841509 2.350067
27 0 10 4 16 3 1 48.820029 2.484676
37 1 12 3 5 2 0 48.834011 2.289516
25 0 1 3 1 3 1 48.774703 2.373685
36 0 1 2 0 0 1 48.839539 2.397252
16 0 7 3 7 5 1 48.863589 2.347779
20 0 4 3 0 0 1 48.809933 2.443288
12 0 0 3 0 0 1 48.884543 2.338687
35 1 2 2 2 5 0 48.863937 2.276595
26 0 9 4 13 2 1 48.854221 2.319615
32 0 1 2 0 1 1 48.853247 2.405871
32 0 1 1 0 0 1 48.896328 2.333390
28 1 3 3 8 3 0 48.842674 2.397294
22 0 0 1 0 0 1 48.862162 2.411126
39 0 2 4 1 0 1 48.819897 2.339701
32 0 2 3 3 6 1 48.877127 2.322417
29 0 0 2 0 2 1 48.864296 2.398229
17 0 6 7 3 12 1 48.862535 2.354310
24 0 1 2 3 5 1 48.843699 2.410361
40 1 5 4 3 4 0 48.899641 2.344321
21 0 2 1 1 0 0 48.876620 2.345764
21 0 1 2 1 0 1 48.884009 2.359934
37 0 4 9 8 22 1 48.843424 2.337665
41 0 18 4 4 2 1 48.823768 2.272311
27 0 1 2 0 0 1 48.873569 2.281513
26 0 9 6 2 9 1 48.861419 2.352581
24 0 0 2 1 3 1 48.868542 2.389772
46 1 15 3 8 4 0 48.835481 2.348572
36 1 2 2 1 2 0 48.848365 2.399762
42 0 0 0 0 0 1 48.889334 2.370785
0 1 0 0 0 0 0 48.845182 2.262113
19 0 3 4 1 13 1 48.882423 2.309045
23 0 1 1 1 0 1 48.886031 2.389575
22 0 4 3 0 0 1 48.900990 2.388702
22 0 8 3 6 0 1 48.921891 2.295231
21 1 2 2 0 3 0 48.837884 2.308876
24 0 8 6 2 0 1 48.789137 2.428480
12 0 1 1 5 1 1 48.850267 2.406282
29 0 3 10 7 16 1 48.873409 2.297790
17 0 3 4 3 9 1 48.868977 2.362344
20 0 1 2 0 1 1 48.819240 2.229531
30 0 1 2 3 0 1 48.824143 2.315879
22 0 1 2 0 0 1 48.825031 2.326413
31 0 12 8 21 3 1 48.865574 2.356420
22 0 0 3 0 4 1 48.857164 2.422847
20 0 1 1 2 1 1 48.879355 2.358379
28 0 7 5 3 3 1 48.872871 2.354215
33 1 3 1 0 1 0 48.822331 2.298572
16 1 8 2 12 2 0 48.849268 2.370459
22 0 0 3 1 2 1 48.878120 2.223363
25 0 11 6 10 10 0 48.857347 2.353977
27 0 1 1 0 0 1 48.835064 2.323731
51 0 21 5 31 5 1 48.858038 2.367935
24 0 0 2 0 2 0 48.881266 2.328197
28 1 13 4 13 1 0 48.858652 2.303717
33 1 12 9 15 13 0 48.870509 2.334054
30 1 17 4 12 13 0 48.830122 2.231426
29 1 0 0 0 0 0 48.876601 2.391769
24 0 3 7 5 14 1 48.945634 2.363830
23 0 0 0 0 0 1 48.878099 2.411046
32 0 10 3 20 8 1 48.866112 2.350779
20 1 2 3 0 3 0 48.904033 2.245096
37 0 16 3 27 5 1 48.864053 2.347587
33 0 3 4 2 0 1 48.832527 2.362354
25 0 1 2 2 3 1 48.834602 2.295748
45 0 3 2 2 0 1 48.846919 2.410522
58 0 16 8 23 29 1 48.867458 2.344521
40 0 3 4 5 7 1 48.904063 2.273416
19 1 6 4 13 1 0 48.861637 2.356696
30 0 1 2 0 1 1 48.828848 2.328597
29 0 9 5 8 4 1 48.859418 2.355947
16 0 6 3 8 1 1 48.865022 2.345068
25 0 10 4 10 7 1 48.867434 2.353636
20 0 1 1 2 0 1 48.808871 2.188134
35 1 1 2 1 1 0 48.826505 2.313136
28 1 11 4 8 4 0 48.864506 2.346196
28 0 1 1 1 0 1 48.882701 2.374718
27 0 9 2 17 8 1 48.849226 2.421860
20 0 4 2 3 1 1 48.873870 2.224185
20 0 8 4 4 0 1 48.919627 2.297829
52 0 2 2 1 2 1 48.823683 2.307784
20 0 4 3 11 1 1 48.906334 2.239391
32 1 13 9 22 5 0 48.864462 2.361763
33 1 0 0 0 0 0 48.866103 2.359649
44 0 19 9 6 4 1 48.855950 2.356382
29 0 11 7 10 11 0 48.862105 2.364960
40 0 3 2 2 4 1 48.897177 2.374517
20 0 9 2 17 3 0 48.875144 2.338119
29 0 5 9 15 10 1 48.845015 2.339494
55 0 20 8 20 8 1 48.842320 2.367030
35 0 10 4 5 6 1 48.905304 2.310559
47 0 7 14 1 31 1 48.877456 2.309694
33 1 18 5 25 2 0 48.850908 2.342131
23 0 0 1 0 0 1 48.792862 2.363093
35 0 1 2 0 1 1 48.835147 2.329441
28 0 12 6 13 0 1 48.855692 2.357906
33 0 1 3 2 2 1 48.816140 2.312356
22 0 5 6 9 6 1 48.855110 2.493070
25 0 2 1 1 0 0 48.811920 2.357019
49 0 1 2 1 1 1 48.823258 2.296521
24 0 12 5 21 1 1 48.863646 2.334096
14 0 6 4 7 4 1 48.857331 2.351458
30 0 7 2 6 1 1 48.915856 2.294810
26 0 4 4 0 1 1 48.823194 2.404179
40 0 2 2 1 1 1 48.815527 2.368717
42 0 4 5 3 0 1 48.820484 2.446271
18 1 8 4 3 2 0 48.858159 2.364715
24 1 3 2 9 0 0 48.871839 2.222505
53 1 27 10 39 10 0 48.831160 2.377439
22 0 9 5 12 7 1 48.862978 2.341464
16 1 5 3 10 5 0 48.867142 2.348393
26 0 2 2 1 0 1 48.891976 2.385129
25 0 1 2 1 0 1 48.889394 2.414380
24 0 0 2 1 0 1 48.862655 2.208904
21 0 7 3 9 4 1 48.868683 2.350204
31 0 14 5 13 9 1 48.858000 2.350217
32 0 11 5 4 9 1 48.838663 2.252516
30 0 16 5 16 2 0 48.803915 2.408966
35 1 16 5 19 5 0 48.852364 2.368109
19 0 1 5 1 11 1 48.841751 2.341389
28 0 12 3 18 0 1 48.852640 2.360730
18 0 0 1 0 1 1 48.884178 2.356106
44 0 4 2 7 1 1 48.869936 2.335998
23 1 10 4 9 8 0 48.853833 2.368570
31 1 13 7 24 5 0 48.911060 2.367630
30 0 13 4 13 5 1 48.938882 2.356624
28 0 11 7 19 5 1 48.872430 2.333590
20 0 4 4 2 5 1 48.913179 2.257726
18 0 9 3 12 2 1 48.861343 2.340005
21 0 10 5 11 7 1 48.864774 2.329449
28 0 8 6 8 6 1 48.867219 2.340463
30 1 12 4 16 7 0 48.863491 2.340067
25 0 5 4 0 1 1 48.821810 2.205880
41 0 0 4 0 0 1 48.888736 2.346953
24 0 11 2 6 2 1 48.894223 2.312587
27 1 12 6 20 4 0 48.866811 2.334388
26 0 6 3 3 0 1 48.936094 2.343617
20 0 9 5 5 11 1 48.865571 2.330567
36 0 2 2 1 5 1 48.834097 2.308768
22 0 1 2 0 0 1 48.826262 2.200152
22 0 8 6 9 2 1 48.853730 2.330018
66 0 14 8 16 4 1 48.849054 2.325318
22 1 3 4 0 2 0 48.791782 2.297857
31 0 2 4 1 2 1 48.805131 2.388490
32 0 14 7 19 2 1 48.863443 2.334878
30 0 1 1 0 0 1 48.795188 2.359435
45 1 2 2 1 1 0 48.889371 2.397940
30 1 1 1 0 0 0 48.832200 2.313907
35 0 7 13 17 17 1 48.846102 2.341221
20 1 6 5 3 1 0 48.914305 2.228916
34 0 2 2 5 10 1 48.884216 2.305653
40 0 8 3 28 2 1 48.819659 2.464408
26 0 3 5 2 0 1 48.829108 2.458354
28 0 12 6 12 5 1 48.862361 2.359504
35 0 0 2 0 1 1 48.859651 2.436705
28 1 8 6 16 4 0 48.884933 2.248449
27 0 3 5 2 2 1 48.895713 2.400571
26 0 1 2 1 2 1 48.897871 2.333522
30 0 3 4 2 0 1 48.868570 2.266001
24 0 2 3 1 2 1 48.842738 2.329794
28 0 1 3 0 1 1 48.808439 2.373795
25 0 2 5 6 1 1 48.839286 2.438560
34 0 1 1 3 3 1 48.793825 2.273114
46 0 11 4 3 0 1 48.832934 2.402637
24 0 5 3 1 5 1 48.901849 2.317272
23 1 1 4 1 13 0 48.865805 2.282921
65 0 12 7 9 6 1 48.871139 2.274978
30 1 11 4 18 1 0 48.779773 2.313053
43 0 31 2 34 1 0 48.811525 2.401793
0 0 0 0 0 0 0 48.937421 2.372037
16 0 3 2 2 0 1 48.938282 2.350899
22 0 4 4 0 0 1 48.923134 2.260097
37 0 17 10 12 15 0 48.863925 2.335623
32 1 13 6 18 7 0 48.863627 2.342624
24 0 10 4 15 7 1 48.866035 2.342033
18 1 0 2 0 1 0 48.881104 2.336696
28 1 19 1 23 2 0 48.791923 2.395058
21 0 10 5 17 0 1 48.863796 2.342574
33 0 1 3 0 1 1 48.889200 2.395018
37 0 12 7 31 1 1 48.870327 2.341872
20 0 9 5 9 3 1 48.867643 2.333389
24 0 2 5 0 4 1 48.876495 2.356099
26 1 9 9 17 9 0 48.848951 2.341133
35 0 3 2 4 0 1 48.845128 2.401569
27 1 12 2 15 1 0 48.785205 2.302526
32 1 15 2 12 1 0 48.819603 2.411432
28 1 8 4 6 2 0 48.907735 2.340719
33 0 10 8 5 2 1 48.782427 2.393973
28 0 19 2 19 3 1 48.828688 2.224990
23 0 13 2 14 0 1 48.832190 2.234020
22 1 2 2 5 0 0 48.851350 2.412021
26 1 1 3 0 3 0 48.783631 2.366936
30 0 7 5 2 12 1 48.779926 2.281829
34 1 0 1 1 1 0 48.865218 2.393660
37 0 26 3 32 4 1 48.813881 2.392429
56 0 2 2 0 1 1 48.836826 2.307170
18 1 5 3 4 2 0 48.914867 2.305701
28 0 1 2 0 1 1 48.859730 2.403340
16 0 4 3 1 6 1 48.869602 2.354291
37 0 4 19 10 10 1 48.823549 2.510187
27 1 0 1 0 0 0 48.801774 2.287417
22 1 13 3 18 1 0 48.834002 2.370389
55 0 23 7 40 10 1 48.853756 2.339096
20 0 0 1 0 0 0 48.879143 2.416335
20 0 0 2 0 3 1 48.884572 2.321470
27 0 1 3 2 4 1 48.878619 2.324816
44 0 9 17 12 28 1 48.919142 2.362066
27 0 3 4 5 6 1 48.885013 2.307072
40 0 10 2 4 0 1 48.836919 2.391678
28 0 0 1 0 0 1 48.804048 2.284826
32 0 7 8 10 17 1 48.870103 2.304350
30 0 3 2 0 3 0 48.873688 2.365015
30 0 9 4 18 4 1 48.814548 2.402439
45 0 14 6 30 8 0 48.876201 2.319786
3 0 3 3 2 0 1 48.900504 2.261173
20 1 0 0 0 0 0 48.864131 2.391650
36 0 2 3 4 2 1 48.890210 2.360176
25 1 0 2 0 0 0 48.800123 2.356736
38 0 5 6 2 14 1 48.951432 2.211214
24 0 1 1 0 1 1 48.897918 2.336487
24 0 0 3 0 0 1 48.826073 2.189449
28 0 9 3 10 1 1 48.914938 2.330665
29 0 17 2 15 0 1 48.821411 2.255595
27 1 6 3 5 5 0 48.821708 2.285343
21 0 0 2 0 1 1 48.875566 2.393046
35 1 24 3 30 1 0 48.832587 2.371211
24 0 2 1 0 0 1 48.872825 2.194716
20 0 0 2 0 0 1 48.879166 2.378796
52 0 7 5 7 3 0 48.844232 2.439210
20 0 7 3 11 3 1 48.843253 2.245988
33 1 3 3 1 3 0 48.825596 2.350204
0 0 0 0 0 0 0 48.890643 2.376255
25 1 13 2 21 2 0 48.782414 2.316670
33 0 3 2 2 5 1 48.901617 2.269354
30 0 5 8 4 6 1 48.871257 2.486581
28 0 8 2 11 0 1 48.815783 2.383260
40 0 18 3 30 3 1 48.837136 2.351520
28 0 11 3 10 7 1 48.832324 2.287562
50 0 5 3 1 5 1 48.820105 2.372558
19 0 4 2 3 4 1 48.854964 2.387217
20 1 0 1 0 0 0 48.796735 2.368334
67 0 15 2 6 2 1 48.843277 2.302308
34 0 0 2 0 0 1 48.889994 2.342530
30 0 1 3 3 2 1 48.886249 2.377459
46 1 12 2 2 1 0 48.839233 2.291520
25 1 12 5 0 16 0 48.832681 2.250257
21 0 2 3 1 3 0 48.847797 2.406172
37 0 1 2 0 1 1 48.832877 2.306763
17 0 3 4 7 7 1 48.870774 2.349650
16 1 4 2 0 2 0 48.858002 2.381798
25 0 1 2 5 6 1 48.810405 2.327060
32 0 4 2 2 2 1 48.843542 2.418427
33 0 9 3 9 3 1 48.820507 2.351342
44 1 24 2 17 4 0 48.841249 2.288387
17 1 0 1 0 0 0 48.853858 2.400004
23 0 3 3 8 6 0 48.838608 2.340699
54 1 0 2 0 0 0 48.830887 2.318882
20 0 9 2 11 1 1 48.793855 2.336637
37 0 1 2 2 4 1 48.805342 2.363984
22 1 3 3 1 1 0 48.836074 2.418917
30 0 7 7 2 2 0 48.907558 2.468984
20 0 1 3 0 1 1 48.889589 2.419886
29 0 0 2 0 2 1 48.860959 2.400422
54 0 23 2 3 0 1 48.846936 2.377088
30 0 13 4 10 0 1 48.846193 2.370380
19 1 7 1 6 2 0 48.821102 2.378775
23 0 9 2 7 0 1 48.850881 2.301220
50 0 8 3 0 2 1 48.825482 2.409880
19 0 2 3 0 6 1 48.872089 2.357583
40 1 13 3 1 1 0 48.838152 2.357108
27 0 3 2 5 3 1 48.848276 2.439896
22 0 8 1 7 0 1 48.836488 2.289725
68 1 35 3 31 3 0 48.852648 2.275866
36 0 2 5 1 6 0 48.826765 2.365086
25 0 3 1 1 0 1 48.850263 2.434520
36 0 1 2 0 2 1 48.830513 2.334361
32 0 3 2 1 0 1 48.888229 2.310130
16 0 1 2 1 5 1 48.861720 2.275347
21 0 0 2 0 3 1 48.890875 2.344902
29 0 9 2 5 4 1 48.849869 2.268257
45 0 1 3 1 0 1 48.855337 2.399770
30 1 14 5 23 5 0 48.852731 2.344093
35 0 1 1 1 4 1 48.828052 2.292428
24 1 9 3 7 1 0 48.875556 2.165597
33 0 6 2 2 1 1 48.840873 2.404444
20 0 0 1 0 0 0 48.836566 2.312707
25 1 15 3 15 4 0 48.838311 2.234077
18 0 4 3 2 1 0 48.862865 2.495676
35 0 3 3 0 2 1 48.821892 2.413004
30 1 9 3 2 1 0 48.915885 2.268231
30 0 1 2 0 0 1 48.887742 2.320293
28 0 0 2 1 0 1 48.868421 2.417959
25 0 1 2 2 4 1 48.817696 2.307612
26 1 0 1 0 2 0 48.866156 2.389132
35 0 1 4 0 1 1 48.856077 2.394869
29 0 6 11 13 12 1 48.906178 2.439146
50 0 2 6 4 4 1 48.837925 2.322543
32 0 12 7 20 10 1 48.865236 2.300251
20 0 0 0 0 0 1 48.875338 2.405992
36 0 1 2 0 0 1 48.833056 2.332941
30 1 10 5 18 5 0 48.874230 2.325570
18 0 1 1 0 0 1 48.819828 2.311736
36 0 2 2 0 0 1 48.892136 2.323219
22 0 1 2 2 0 1 48.895364 2.349817
37 0 16 8 26 7 1 48.851751 2.338162
19 0 3 2 0 0 0 48.849266 2.412330
29 0 2 1 2 0 1 48.815404 2.317394
48 0 3 3 0 0 1 48.851853 2.393295
51 1 7 5 5 5 0 48.835445 2.431421
29 0 21 2 24 0 1 48.829684 2.275343
32 0 12 3 17 13 1 48.848428 2.265254
26 0 1 2 4 3 1 48.813736 2.306928
33 0 2 5 6 4 1 48.858489 2.283965
21 0 5 2 3 0 1 48.903109 2.278893
46 0 7 4 3 2 1 48.847385 2.326856
33 0 0 2 1 0 1 48.838928 2.316356
40 0 3 7 2 1 1 48.866618 2.383013
19 0 1 2 3 1 1 48.886387 2.382577
34 0 4 2 0 1 1 48.841321 2.308089
38 0 4 4 4 4 1 48.863825 2.380906
60 1 26 13 32 21 0 48.828595 2.380221
25 0 8 3 7 8 1 48.887582 2.278389
25 0 15 4 19 5 1 48.831709 2.255772
20 0 9 3 7 3 1 48.878194 2.181724
25 0 1 2 0 0 1 48.840400 2.313118
49 0 7 5 3 1 1 48.843311 2.326524
19 0 1 1 0 3 1 48.857567 2.280027
20 0 0 1 0 0 1 48.855426 2.405164
56 0 3 2 1 4 1 48.894104 2.372946
33 0 1 1 1 2 1 48.830139 2.295934
28 0 2 3 2 0 1 48.828657 2.353021
67 1 6 4 1 3 0 48.831240 2.398911
27 0 0 1 0 0 1 48.865302 2.399067
1 0 0 0 0 0 1 48.885817 2.229608
37 0 20 7 23 11 1 48.852886 2.342654
53 0 42 2 48 0 1 48.840453 2.228023
30 0 3 5 1 4 1 48.892602 2.379092
40 0 15 3 5 7 1 48.828753 2.245911
17 0 8 1 3 3 1 48.839078 2.356877
38 0 4 3 3 0 1 48.864186 2.378317
33 0 2 4 4 2 1 48.891163 2.386570
23 1 8 3 3 7 0 48.899260 2.304229
36 0 6 4 2 2 1 48.875306 2.255846
38 0 10 2 1 2 1 48.834813 2.400928
20 0 1 2 0 0 1 48.824696 2.363106
54 0 22 9 14 30 1 48.843704 2.354651
39 0 4 3 0 2 1 48.844626 2.404946
30 0 1 2 1 0 1 48.829533 2.318179
36 0 10 5 5 5 1 48.846613 2.332548
26 0 0 1 0 2 1 48.812822 2.370711
35 0 4 4 10 11 1 48.871374 2.288713
47 0 2 3 0 3 1 48.867983 2.385141
32 0 5 8 6 15 0 48.914920 2.417224
0 1 0 0 0 0 0 48.906888 2.448933
28 0 0 1 1 1 0 48.883104 2.323835
21 0 8 3 8 7 0 48.839504 2.360989
33 0 4 8 4 15 0 48.878361 2.305254
28 0 15 5 14 13 0 48.860274 2.341247
24 0 3 2 0 0 0 48.870254 2.218778
28 0 3 2 6 0 0 48.950873 2.231019
28 0 4 3 1 0 0 48.879494 2.291542
36 0 16 2 12 2 0 48.864466 2.366060
52 0 2 3 2 4 0 48.831909 2.354694
45 0 13 6 20 3 0 48.865709 2.365274
46 0 31 5 32 3 0 48.860964 2.224673
18 0 11 2 8 2 0 48.832431 2.229281
56 0 24 3 48 0 0 48.910388 2.311777
47 0 5 14 10 35 0 48.871716 2.298544
30 0 10 3 0 0 0 48.922094 2.271835
28 1 6 5 3 3 0 48.896621 2.252313
20 0 11 1 12 0 0 48.880391 2.183216
24 0 8 2 11 2 0 48.806519 2.336888
21 0 7 3 5 0 0 48.916974 2.313384
41 0 1 4 0 3 0 48.863287 2.386994
30 0 12 3 14 3 0 48.864132 2.239905
24 0 11 4 9 4 0 48.857833 2.362264
26 0 0 1 0 0 0 48.869327 2.395085
20 0 1 1 12 0 0 48.811686 2.211182
26 0 10 3 8 0 0 48.875481 2.232443
58 0 37 2 40 2 0 48.838689 2.281808
24 0 0 1 0 0 0 48.871245 2.403906
67 0 8 5 10 2 0 48.898830 2.379330
41 0 19 10 31 6 0 48.933548 2.306473
21 0 11 2 17 1 0 48.829410 2.375934
39 0 9 3 22 6 0 48.876835 2.332907
20 0 1 3 0 0 0 48.781110 2.354905
0 0 0 0 0 0 0 48.868543 2.360003
22 0 0 3 0 0 0 48.852335 2.448967
30 0 9 4 3 1 0 48.905452 2.322041
30 0 20 2 20 0 0 48.832474 2.490258
28 1 1 5 0 3 0 48.879613 2.356840
65 1 30 10 29 24 0 48.859726 2.325860
49 0 14 11 30 10 0 48.869690 2.310732
20 0 5 2 1 2 0 48.925902 2.274150
20 0 1 1 1 0 0 48.809224 2.317590
24 0 1 1 0 2 0 48.802056 2.315997
26 0 11 5 15 1 0 48.823451 2.496506
31 1 1 2 0 2 0 48.902616 2.397814
16 1 0 3 0 1 0 48.886767 2.326228
25 1 0 1 0 1 0 48.827674 2.320918
19 0 1 2 1 4 0 48.890654 2.330943
15 1 1 2 0 0 0 48.877485 2.366007
30 0 0 2 0 0 0 48.882877 2.433187
35 0 20 4 14 2 0 48.927567 2.294734
23 0 1 3 0 1 0 48.807671 2.240722
26 0 6 5 9 3 0 48.909708 2.245449
16 1 1 2 2 3 0 48.848773 2.393606
31 0 7 2 2 0 0 48.788093 2.290923
68 0 41 4 18 0 0 48.843957 2.379088
23 1 0 1 1 1 0 48.797306 2.290997
30 1 11 8 20 6 0 48.940932 2.363949
45 0 1 2 1 0 0 48.810344 2.300378
30 0 2 2 13 1 0 48.858446 2.192077
35 0 11 10 11 5 0 48.835261 2.447974
62 1 34 5 26 4 0 48.851356 2.369220
35 0 8 5 14 14 0 48.880988 2.271575
40 1 21 5 34 5 0 48.830475 2.261614
53 0 26 7 29 9 0 48.853833 2.369722
31 0 18 2 27 2 0 48.824793 2.265190
25 0 0 1 0 0 0 48.798666 2.283375
44 1 2 4 2 10 0 48.877753 2.327339
32 0 8 4 15 2 0 48.899907 2.321544
30 0 2 4 0 0 0 48.902639 2.348248
40 0 16 3 19 2 0 48.896737 2.310543
34 1 8 3 4 1 0 48.913017 2.273421
28 1 9 2 5 2 0 48.912061 2.295897
30 0 7 4 0 2 0 48.905742 2.331604
26 0 10 3 16 2 0 48.915818 2.323953
28 0 0 3 0 0 0 48.809461 2.285320
30 0 3 6 2 4 0 48.896280 2.458157
24 0 3 1 3 0 0 48.864627 2.204757
28 0 6 7 3 3 0 48.903601 2.465407
23 0 13 3 18 3 0 48.850458 2.352454
59 0 2 3 2 5 0 48.879305 2.362424
40 1 6 3 2 7 0 48.894800 2.318705
35 0 1 2 1 1 0 48.891214 2.351289
35 1 1 4 0 0 0 48.892995 2.340145
35 0 1 1 0 1 0 48.891458 2.348636
19 0 0 4 0 7 0 48.869260 2.289918
32 0 9 3 21 5 0 48.875316 2.322902
24 0 1 2 0 0 0 48.822154 2.363371
25 0 8 8 7 5 0 48.926183 2.391230
0 0 0 0 0 0 0 48.874031 2.389595
18 1 8 2 15 3 0 48.850271 2.306981
37 1 11 9 17 8 0 48.923307 2.384729
31 0 9 3 8 6 0 48.843514 2.306552
1 0 0 0 0 0 0 48.809294 2.459627
41 0 8 3 2 0 0 48.826178 2.342038
20 0 2 2 3 3 0 48.825912 2.360239
36 1 22 2 17 4 0 48.842055 2.285991
60 0 3 1 2 2 0 48.874795 2.366669
25 0 2 1 1 2 0 48.897887 2.345800
24 0 2 2 2 1 0 48.828543 2.358308
20 0 9 4 2 0 0 48.790148 2.432863
28 0 10 7 17 5 0 48.825487 2.381631
23 0 12 4 21 1 0 48.832847 2.371142
53 0 17 13 28 19 0 48.866888 2.306676
18 1 8 2 7 0 0 48.867415 2.225895
20 0 0 4 0 3 0 48.873115 2.379841
16 1 2 7 5 9 0 48.846280 2.343079
38 0 1 1 0 3 0 48.895623 2.345815
21 0 0 3 0 5 0 48.882756 2.336157
38 1 12 5 4 5 0 48.867872 2.364898
20 0 1 3 0 3 0 48.882194 2.340550
68 0 5 3 2 3 0 48.847112 2.395620
31 0 2 2 2 3 0 48.907134 2.396006
39 0 6 4 2 2 0 48.856336 2.382990
24 1 5 5 12 3 0 48.870475 2.307619
59 0 6 5 3 0 0 48.852889 2.389148
32 0 0 3 0 3 0 48.883688 2.328064
22 1 2 5 1 6 0 48.872755 2.291550
25 1 1 1 2 3 0 48.815007 2.328318
18 1 5 6 1 14 0 48.867211 2.363546
47 0 2 2 2 0 0 48.848841 2.397304
19 0 7 3 8 5 0 48.866831 2.365481
24 0 4 3 0 2 0 48.852187 2.389030
22 0 1 3 2 0 0 48.910423 2.399577
21 0 13 2 17 1 0 48.844341 2.277384
25 0 6 4 9 4 0 48.861643 2.372749
26 0 11 1 15 0 0 48.852060 2.301799
34 1 1 3 0 2 0 48.850507 2.393076
25 1 11 3 12 4 0 48.852828 2.297878
32 1 3 3 2 0 0 48.897715 2.357895
33 0 2 4 4 13 0 48.874836 2.297132
60 0 41 7 46 3 0 48.860898 2.295600
54 0 10 4 28 8 0 48.876384 2.335357
38 0 15 3 13 2 0 48.853754 2.304424
33 1 20 5 24 6 0 48.856503 2.293179
25 0 14 3 8 5 0 48.850974 2.356307
21 0 4 2 0 3 0 48.847649 2.390258
27 1 10 6 21 4 0 48.783680 2.454471
21 0 1 4 1 5 0 48.780192 2.468574
16 0 0 3 1 1 0 48.774397 2.466879
36 0 8 5 9 4 0 48.776995 2.455255
28 0 4 5 5 1 0 48.769807 2.462303
26 0 5 3 9 1 0 48.886662 2.284327
25 0 2 4 6 3 0 48.870306 2.285075
53 0 10 3 1 0 0 48.838811 2.389658
16 1 8 3 12 1 0 48.861818 2.350138
30 1 8 4 2 4 0 48.909993 2.288238
17 0 2 3 0 6 0 48.797078 2.463801
20 0 1 2 0 0 0 48.838514 2.186614
25 0 4 4 5 2 0 48.791224 2.464220
18 0 1 4 0 0 0 48.805160 2.188277
44 1 7 7 13 2 0 48.773012 2.435166
59 0 3 1 1 0 0 48.824247 2.318631
23 0 0 3 0 3 0 48.829900 2.354336
0 1 0 0 0 0 0 48.824305 2.376306
24 0 5 4 10 0 0 48.780258 2.445509
0 0 0 0 0 0 0 48.905928 2.253629
35 0 7 12 2 11 0 48.957568 2.283450
37 0 1 3 0 8 0 48.882030 2.363562
40 1 12 5 18 4 0 48.915167 2.357633
0 0 0 0 0 0 0 48.871215 2.293735
25 0 0 1 0 0 0 48.873305 2.401415
43 0 23 9 26 8 0 48.859059 2.347694
21 0 5 2 0 0 0 48.837469 2.401765
26 0 4 2 4 1 0 48.893264 2.412677
22 1 0 2 0 2 0 48.874515 2.415284
60 0 9 4 4 3 0 48.871044 2.366104
51 0 37 3 32 3 0 48.843373 2.275133
33 1 19 4 20 9 0 48.853844 2.289705
37 1 16 8 21 10 0 48.868266 2.330484
50 1 17 4 1 1 0 48.836022 2.470834
27 0 0 1 0 0 0 48.880517 2.376390
28 0 19 4 23 4 0 48.819116 2.396664
32 0 8 3 3 2 0 48.906125 2.344037
28 0 6 6 6 1 0 48.909752 2.239145
20 0 0 2 0 0 0 48.813220 2.271677
18 0 3 3 2 0 0 48.892121 2.309234
17 1 7 4 8 8 0 48.857616 2.335831
22 1 8 6 2 16 0 48.857993 2.346917
62 1 8 10 11 30 0 48.876116 2.288124
60 0 8 8 3 5 0 48.888797 2.392581
50 0 36 11 41 9 0 48.835027 2.376016
34 0 14 13 15 17 0 48.902519 2.374090
40 0 0 0 0 0 0 48.891335 2.327245
30 0 7 5 8 3 0 48.906443 2.358491
30 0 6 9 13 16 0 48.872700 2.300195
68 0 14 10 18 8 0 48.920342 2.343854
19 1 2 4 3 3 0 48.802118 2.454369
26 0 23 2 25 0 0 48.821242 2.251100
13 0 0 1 0 2 0 48.888324 2.353573
56 0 32 7 51 4 0 48.840217 2.271606
26 1 4 4 2 3 0 48.835524 2.302599
48 1 14 11 30 17 0 48.834131 2.454752
68 0 26 13 42 25 0 48.833123 2.257146
20 0 0 4 0 3 0 48.883601 2.333224
26 0 12 7 16 8 0 48.855022 2.361232
22 0 8 4 7 7 0 48.874423 2.328469
34 0 2 2 2 4 0 48.840009 2.347523
45 0 11 9 9 8 0 48.875674 2.326560
35 1 18 4 32 3 0 48.836396 2.278419
67 0 29 14 32 28 0 48.870406 2.323244
33 0 18 5 19 4 0 48.841795 2.376785
0 0 0 0 0 0 0 48.851297 2.362453
