CS 167 107 3270 0 897 169 0 -117 0 671
0 46.837768 -71.275632
24 1 0 7 0 6 0 46.825134 -71.228547
16 1 0 7 0 3 0 46.817484 -71.212869
16 0 0 7 0 6 2 46.812146 -71.202276
24 0 0 12 0 4 4 46.813151 -71.208663
34 1 0 8 0 0 0 46.814340 -71.224898
24 0 0 5 0 0 4 46.812026 -71.239654
32 1 0 12 0 6 0 46.812306 -71.214372
28 1 0 5 0 0 0 46.808996 -71.222418
36 1 0 13 0 21 0 46.807752 -71.215743
28 1 0 5 0 0 0 46.803790 -71.225817
18 0 0 6 0 7 4 46.792731 -71.263631
16 1 0 5 0 9 0 46.793319 -71.258320
16 1 0 4 0 3 0 46.791355 -71.252629
12 0 0 4 0 2 4 46.793879 -71.254323
20 1 0 7 0 10 0 46.795004 -71.249162
20 1 0 7 0 15 0 46.812317 -71.242166
17 1 0 7 0 8 0 46.789245 -71.244299
16 1 0 10 0 4 0 46.795136 -71.243436
24 1 0 7 0 0 0 46.798691 -71.239467
16 0 0 3 0 0 4 46.800887 -71.239997
24 1 0 5 0 4 0 46.802983 -71.232304
24 1 0 8 0 1 0 46.806189 -71.226865
18 1 0 4 0 0 0 46.801457 -71.226205
34 1 0 9 0 7 0 46.806292 -71.221078
32 1 0 5 0 1 0 46.810837 -71.211744
24 0 0 9 0 0 3 46.813880 -71.204846
32 1 0 10 0 5 0 46.814785 -71.201253
24 1 0 6 0 3 0 46.817650 -71.208739
20 0 0 5 0 0 4 46.811097 -71.217602
28 1 0 7 0 1 0 46.817884 -71.218996
24 1 0 5 0 3 0 46.811514 -71.227209
20 1 0 2 0 2 0 46.812893 -71.228721
20 1 0 6 0 10 0 46.807006 -71.236096
24 1 0 8 0 0 0 46.815057 -71.235443
20 1 0 5 0 2 0 46.821175 -71.234532
24 1 0 9 0 0 0 46.822101 -71.225551
20 1 0 10 0 9 0 46.827115 -71.234707
20 1 0 12 0 16 0 46.830562 -71.228377
24 1 0 7 0 8 0 46.824979 -71.234759
16 1 0 5 0 9 0 46.829433 -71.244066
16 1 0 5 0 9 0 46.826553 -71.245978
24 0 0 8 0 1 4 46.813485 -71.219330
15 0 0 5 0 5 3 46.811308 -71.205054
16 1 0 3 0 0 0 46.812403 -71.220411
28 0 0 9 0 0 3 46.796526 -71.232855
24 1 0 6 0 9 0 46.801066 -71.235400
20 1 0 11 0 2 0 46.797515 -71.244311
16 0 0 6 0 1 3 46.797755 -71.249198
20 0 0 3 0 0 3 46.784041 -71.249391
15 0 0 4 0 4 3 46.781948 -71.252610
16 1 0 5 0 5 0 46.786588 -71.258231
20 1 0 6 0 5 0 46.789383 -71.264765
24 1 0 5 0 2 0 46.787372 -71.266404
16 0 0 3 0 1 3 46.784158 -71.263625
24 1 0 9 0 23 0 46.781704 -71.274229
24 1 0 5 0 4 0 46.778782 -71.270440
32 1 0 10 0 4 0 46.783319 -71.276060
31 1 0 14 0 17 0 46.779010 -71.276551
24 1 0 7 0 1 0 46.786119 -71.285285
16 0 0 4 0 1 3 46.784520 -71.284793
16 1 0 4 0 1 0 46.804262 -71.239153
20 1 0 8 0 2 0 46.807598 -71.244166
20 0 0 6 0 0 2 46.809865 -71.237995
24 1 0 6 0 0 0 46.809854 -71.231707
20 1 0 8 0 8 0 46.817336 -71.240773
20 0 0 5 0 0 3 46.826135 -71.224567
20 1 0 4 0 2 0 46.827060 -71.230707
16 0 0 5 0 0 3 46.830464 -71.238525
16 0 0 4 0 12 3 46.833607 -71.242095
20 1 0 8 0 12 0 46.840967 -71.232018
16 0 0 9 0 6 2 46.838230 -71.224512
24 1 0 11 0 24 0 46.842749 -71.225008
16 1 0 3 0 13 0 46.834044 -71.221241
20 1 0 6 0 8 0 46.836559 -71.216101
16 0 0 4 0 3 1 46.778834 -71.258068
20 0 0 3 0 0 3 46.780269 -71.289988
20 1 0 9 0 18 0 46.812829 -71.258411
16 0 0 5 0 0 3 46.775803 -71.295152
24 1 0 12 0 10 0 46.777906 -71.294452
20 1 0 7 0 18 0 46.814945 -71.262873
16 1 0 7 0 11 0 46.834855 -71.247473
20 1 0 6 0 4 0 46.791478 -71.267894
20 1 0 7 0 3 0 46.780554 -71.278787
0 1 0 0 0 0 0 46.817649 -71.230815
20 0 0 8 0 0 3 46.824234 -71.240429
16 1 0 7 0 10 0 46.817041 -71.258098
16 1 0 9 0 8 0 46.834360 -71.232006
0 1 0 0 0 0 0 46.770254 -71.293525
16 1 0 5 0 1 0 46.840105 -71.240578
20 0 0 6 0 4 3 46.772948 -71.276856
20 1 0 5 0 11 0 46.790654 -71.274505
17 0 0 7 0 6 3 46.807458 -71.212462
20 0 0 5 0 0 3 46.772420 -71.300606
20 1 0 7 0 1 0 46.822148 -71.220806
20 1 0 9 0 7 0 46.829993 -71.234066
16 1 0 7 0 5 0 46.836905 -71.237173
20 1 0 9 0 13 0 46.839923 -71.222073
16 1 0 7 0 13 0 46.805556 -71.247689
26 0 0 10 0 9 3 46.841567 -71.246782
16 0 0 7 0 2 2 46.817161 -71.205202
16 1 0 6 0 7 0 46.807826 -71.253405
24 1 0 6 0 1 0 46.816563 -71.221670
15 1 0 3 0 0 0 46.786147 -71.280952
20 1 0 3 0 1 0 46.810794 -71.220867
16 0 0 6 0 5 3 46.769704 -71.289283
22 1 0 7 0 11 0 46.772207 -71.281154
22 1 0 9 0 7 0 46.771667 -71.283138
24 1 0 3 0 10 0 46.782456 -71.238963
28 1 0 4 0 10 0 46.776226 -71.243130
12 1 0 5 0 3 0 46.852649 -71.368592
12 1 0 4 0 5 0 46.850822 -71.360694
12 1 0 4 0 2 0 46.854255 -71.355330
16 1 0 7 0 10 0 46.839249 -71.245848
28 1 0 1 0 1 0 46.803542 -71.217856
16 1 0 3 0 6 0 46.846213 -71.255121
20 1 0 9 0 17 0 46.845038 -71.261800
16 0 0 5 0 1 3 46.766559 -71.287286
20 0 0 7 0 0 1 46.760079 -71.288523
16 0 0 4 0 1 3 46.777005 -71.261717
16 0 0 6 0 4 3 46.838244 -71.251718
20 1 0 7 0 11 0 46.844647 -71.244248
16 0 0 7 0 10 3 46.812622 -71.207314
20 1 0 8 0 1 0 46.837553 -71.241140
16 0 0 7 0 12 3 46.833134 -71.252392
40 1 0 17 0 13 0 46.820276 -71.249564
16 0 0 5 0 11 2 46.812091 -71.264638
20 1 0 6 0 13 0 46.846911 -71.249108
20 1 0 0 0 7 0 46.828085 -71.239161
16 1 0 7 0 4 0 46.828701 -71.228934
15 0 0 6 0 0 3 46.822739 -71.230162
20 1 0 4 0 0 0 46.823495 -71.224193
20 1 0 1 0 6 0 46.788526 -71.272352
16 0 0 4 0 0 3 46.784008 -71.291137
16 0 0 4 0 2 2 46.761560 -71.283642
16 0 0 4 0 6 3 46.779084 -71.303205
20 0 0 5 0 8 3 46.780627 -71.299995
20 0 0 5 0 6 2 46.765887 -71.295772
20 0 0 5 0 0 2 46.800107 -71.232560
20 0 0 6 0 10 3 46.769385 -71.306621
16 1 0 8 0 16 0 46.814380 -71.269965
20 0 0 6 0 0 3 46.767113 -71.312252
16 0 0 5 0 5 2 46.764022 -71.305159
16 1 0 4 0 7 0 46.850610 -71.250095
20 1 0 5 0 6 0 46.855366 -71.254104
16 0 0 3 0 6 3 46.857483 -71.260949
24 1 0 5 0 3 0 46.861336 -71.261318
20 0 0 7 0 2 3 46.841584 -71.214114
20 0 0 8 0 2 3 46.843473 -71.219112
32 1 0 10 0 12 0 46.845132 -71.213455
24 1 0 11 0 17 0 46.846402 -71.216919
19 0 0 6 0 6 2 46.849500 -71.210474
20 0 0 6 0 0 2 46.801429 -71.211648
16 1 0 8 0 14 0 46.801575 -71.261407
16 1 0 3 0 2 0 46.802700 -71.220952
12 0 0 5 0 0 3 46.808510 -71.234514
16 0 0 5 0 0 3 46.797577 -71.241549
16 0 0 5 0 2 3 46.809898 -71.243258
16 0 0 3 0 4 3 46.813608 -71.222869
20 1 0 5 0 4 0 46.788521 -71.256539
20 1 0 8 0 17 0 46.797728 -71.262410
16 0 0 4 0 0 3 46.810325 -71.235273
20 1 0 3 0 11 0 46.818148 -71.215315
16 0 0 3 0 0 3 46.807904 -71.227317
12 1 0 2 0 5 0 46.844756 -71.367301
12 1 0 3 0 4 0 46.835263 -71.357236
12 1 0 2 0 6 0 46.832685 -71.349050
