409 73 6946 2654 262 45 252 98 1314 228
0 -22.969412 -43.186517
17 0 6 0 1 0 1 -22.904152 -43.190611
19 0 4 0 0 0 1 -22.907434 -43.190287
17 1 5 0 4 0 0 -22.906848 -43.181887
17 0 8 0 13 0 1 -22.905594 -43.180070
23 0 13 0 19 0 1 -22.907874 -43.177694
19 0 4 0 2 0 1 -22.904110 -43.171636
19 1 9 0 8 0 0 -22.914619 -43.167037
23 0 7 0 7 1 1 -22.912771 -43.172129
23 1 7 0 3 0 0 -22.913925 -43.178669
19 0 6 0 2 0 1 -22.920544 -43.177391
17 0 6 0 5 0 1 -22.920740 -43.174600
19 0 4 0 7 1 1 -22.928415 -43.179264
15 0 7 0 1 0 1 -22.931501 -43.181516
22 0 5 0 2 0 1 -22.933408 -43.185815
15 1 6 0 9 2 0 -22.938564 -43.193592
23 1 9 0 10 1 0 -22.940570 -43.198005
19 0 7 0 2 0 0 -22.938452 -43.173577
15 0 5 0 2 0 1 -22.940958 -43.177242
11 0 3 0 6 0 1 -22.949624 -43.188683
23 0 5 1 0 1 0 -22.953847 -43.196941
17 1 3 0 2 0 0 -22.954165 -43.192913
15 1 3 0 3 2 0 -22.957157 -43.188818
19 1 3 0 10 1 0 -22.956109 -43.185633
23 0 10 1 21 0 1 -22.956292 -43.177169
19 1 7 0 14 1 0 -22.952592 -43.176255
23 0 10 0 20 0 1 -22.953387 -43.173126
31 0 17 2 20 0 1 -22.962102 -43.165407
29 0 6 7 1 12 1 -22.961823 -43.175519
17 1 3 3 2 3 0 -22.970645 -43.187914
22 1 8 1 13 0 0 -22.972278 -43.186443
26 0 9 1 14 7 1 -22.975924 -43.188813
9 1 2 1 3 0 0 -22.979976 -43.190754
23 0 6 3 3 0 1 -22.986346 -43.192073
23 0 8 2 12 0 1 -22.988905 -43.191618
15 0 4 1 3 0 1 -22.987292 -43.196126
14 1 3 1 0 0 0 -22.986306 -43.197449
22 1 7 1 2 1 0 -22.985820 -43.209282
11 1 2 1 0 0 0 -22.985450 -43.211511
19 1 4 2 3 0 0 -22.986212 -43.217517
19 1 6 1 14 2 0 -22.980631 -43.207046
19 0 5 1 10 2 0 -22.979019 -43.200969
17 0 4 1 0 4 0 -22.975651 -43.200159
19 0 6 1 9 2 1 -22.969634 -43.205854
19 0 9 1 0 0 1 -22.965488 -43.203574
23 1 10 1 1 0 0 -22.966420 -43.216724
15 0 3 1 4 0 0 -22.972408 -43.217447
19 0 3 2 2 3 1 -22.976067 -43.218609
15 0 6 2 10 1 1 -22.975478 -43.227881
23 0 8 2 11 0 1 -22.977731 -43.226430
17 0 6 0 11 0 1 -22.910637 -43.205672
15 0 5 0 6 0 1 -22.915634 -43.212431
11 0 6 0 8 0 1 -22.915849 -43.221549
19 0 11 0 16 0 1 -22.912523 -43.222273
17 0 9 0 6 0 1 -22.912498 -43.226217
23 0 12 0 2 0 1 -22.919349 -43.233630
15 0 9 0 5 0 1 -22.915817 -43.235028
23 0 11 0 19 0 1 -22.912545 -43.233993
11 0 5 0 6 0 1 -22.914761 -43.240117
15 0 7 0 5 0 1 -22.920075 -43.243779
17 0 5 0 2 0 1 -22.924356 -43.242275
15 0 4 0 3 0 1 -22.925761 -43.245579
15 0 4 0 2 0 1 -22.932195 -43.242762
18 0 10 0 12 0 1 -22.932108 -43.239622
23 0 8 0 2 0 1 -22.902620 -43.182229
11 1 6 0 11 0 0 -22.910029 -43.178429
15 0 4 0 0 0 1 -22.912732 -43.182991
23 0 4 0 6 0 1 -22.923425 -43.177206
23 0 9 0 14 0 1 -22.926982 -43.176526
23 0 6 0 3 0 1 -22.934030 -43.179800
19 0 8 1 15 1 0 -22.971441 -43.184910
23 0 6 1 12 1 0 -22.956443 -43.191601
19 0 4 0 2 0 0 -22.956734 -43.194864
15 1 1 0 2 1 0 -22.958822 -43.196413
18 0 6 1 15 0 0 -22.973105 -43.225285
17 0 3 1 5 1 0 -22.980997 -43.221066
11 0 8 0 9 0 0 -22.996072 -43.258595
11 0 5 0 2 0 0 -22.998672 -43.257936
19 0 9 0 11 0 0 -23.000536 -43.270801
15 1 2 1 4 3 0 -22.986208 -43.224574
28 1 3 1 2 1 0 -22.984952 -43.223151
31 0 6 3 21 3 0 -22.986733 -43.220182
11 1 3 1 2 1 0 -22.983846 -43.219619
23 0 4 1 2 0 0 -22.983844 -43.215927
31 0 8 2 4 1 0 -22.986038 -43.213832
19 1 4 1 4 4 0 -22.982800 -43.212324
19 0 5 1 6 0 0 -22.982969 -43.209327
14 1 6 1 2 0 0 -22.984240 -43.206539
11 1 5 1 5 0 0 -22.984911 -43.205035
11 1 4 0 4 2 0 -22.984406 -43.203105
15 0 4 1 0 1 0 -22.981233 -43.202799
15 0 5 1 0 1 0 -22.977867 -43.222254
15 1 4 1 7 3 0 -22.982509 -43.200572
17 0 3 0 2 1 0 -22.984724 -43.197051
19 1 7 2 7 2 0 -22.986497 -43.189385
15 1 6 1 2 1 0 -22.983880 -43.190429
14 1 2 2 0 9 0 -22.984628 -43.193377
11 0 1 3 0 8 0 -22.981934 -43.195018
11 1 3 2 7 1 0 -22.981799 -43.190875
19 1 9 1 12 1 0 -22.977519 -43.191710
27 0 5 3 6 4 0 -22.976476 -43.194224
15 0 6 1 7 1 0 -22.974293 -43.190964
11 1 2 0 3 0 0 -22.943651 -43.185984
17 1 9 1 13 3 0 -22.973054 -43.188691
19 1 2 3 0 7 0 -22.966082 -43.189412
35 0 11 4 12 9 0 -22.967553 -43.187330
19 1 8 2 16 0 0 -22.970306 -43.183725
19 0 8 0 2 0 0 -22.950328 -43.167521
15 1 6 1 10 1 0 -22.965945 -43.183261
23 1 6 5 6 1 0 -22.964994 -43.180422
17 1 7 1 0 4 0 -22.964790 -43.175808
27 0 11 0 7 1 0 -22.964181 -43.172378
15 0 4 0 0 0 0 -22.963326 -43.169877
11 1 4 0 5 1 0 -22.961231 -43.211659
23 0 4 0 7 0 0 -22.952383 -43.182368
23 0 9 0 16 2 0 -22.949665 -43.180933
23 0 6 0 20 1 0 -22.947821 -43.182595
15 1 2 0 8 1 0 -22.949342 -43.186067
15 0 4 0 13 1 0 -22.945302 -43.183939
19 1 7 0 18 0 0 -22.942719 -43.180859
15 1 5 0 8 0 0 -22.940035 -43.178655
15 1 3 0 1 0 0 -22.939106 -43.176488
19 0 6 0 6 0 0 -22.951258 -43.193996
11 0 3 0 1 2 0 -22.953276 -43.189421
23 1 4 0 2 2 0 -22.951815 -43.184037
19 0 4 0 3 1 0 -22.953549 -43.179460
15 0 11 1 15 0 0 -22.954075 -43.168657
23 0 15 2 20 0 0 -22.954261 -43.164830
15 1 7 0 9 0 0 -22.937276 -43.178053
19 0 7 0 5 0 0 -22.935128 -43.174013
15 0 8 0 9 0 0 -22.933479 -43.177603
13 1 7 0 7 2 0 -22.929609 -43.173929
29 0 23 0 24 0 0 -22.930687 -43.177714
15 0 10 0 6 0 0 -22.999406 -43.356646
19 0 10 0 9 1 0 -22.927129 -43.173542
15 0 3 0 3 0 0 -22.935970 -43.184319
19 0 4 0 6 0 0 -22.937868 -43.190260
15 0 5 4 8 0 0 -22.979209 -43.231020
15 1 2 1 3 1 0 -22.981574 -43.223721
15 0 2 1 2 5 0 -22.985220 -43.226655
15 1 4 1 8 0 0 -22.988057 -43.227707
11 0 4 1 6 5 0 -22.978955 -43.217122
19 0 4 2 3 5 0 -22.980478 -43.211000
17 0 4 1 1 0 0 -22.973872 -43.205277
19 0 9 1 6 2 0 -22.963035 -43.204214
19 0 6 1 0 1 0 -22.962884 -43.207324
19 1 6 1 1 1 0 -22.962989 -43.209233
15 0 5 1 3 2 0 -22.962706 -43.216168
15 1 5 1 8 0 0 -22.964274 -43.216241
11 0 4 1 4 2 0 -22.965475 -43.218812
17 0 3 1 2 4 0 -22.965293 -43.222501
17 0 4 1 0 5 0 -22.957188 -43.198877
17 0 8 0 0 0 0 -22.921632 -43.236022
15 0 8 0 11 0 0 -22.923657 -43.235984
11 0 7 0 8 0 0 -22.925892 -43.235231
31 0 19 0 25 0 0 -22.924436 -43.232603
19 0 9 0 11 0 0 -22.920885 -43.231908
15 1 6 0 11 0 0 -22.928453 -43.236745
15 0 7 0 6 0 0 -22.920778 -43.227370
11 0 3 0 0 0 0 -22.916370 -43.226410
11 1 4 0 3 0 0 -22.915250 -43.229358
15 0 8 0 5 0 0 -22.915517 -43.232327
14 1 4 0 1 0 0 -22.910887 -43.223474
23 0 13 0 17 0 0 -22.922963 -43.222357
15 0 5 0 4 0 0 -22.910669 -43.222438
15 0 9 0 15 0 0 -22.910341 -43.220415
19 0 9 0 14 0 0 -22.912239 -43.215234
19 0 11 0 5 0 0 -22.920984 -43.218630
12 1 1 0 0 0 0 -22.912550 -43.210330
15 0 7 0 6 0 0 -22.910538 -43.202407
19 0 5 0 2 0 0 -22.909654 -43.200089
19 0 10 0 17 1 0 -22.908762 -43.169585
19 0 11 0 15 1 0 -22.910896 -43.175531
17 1 4 0 5 0 0 -22.915535 -43.177851
11 0 6 0 11 0 0 -22.915451 -43.224546
17 0 10 0 8 0 0 -22.917910 -43.223971
17 0 8 0 7 0 0 -22.920432 -43.222574
15 0 8 0 7 0 0 -22.914512 -43.219350
30 0 10 0 2 0 0 -22.917930 -43.217588
11 0 4 0 4 0 0 -22.923702 -43.229355
15 0 2 0 3 0 0 -22.928838 -43.243371
17 1 2 0 1 0 0 -22.924204 -43.238897
15 0 4 0 1 0 0 -22.921017 -43.240144
15 1 4 0 1 0 0 -22.918668 -43.237611
15 0 8 0 11 0 0 -22.917976 -43.241554
15 0 5 0 7 0 0 -22.924550 -43.226810
27 0 8 0 5 0 0 -22.912930 -43.206101
15 0 4 0 11 0 0 -22.893262 -43.190711
15 0 4 0 4 0 0 -22.892672 -43.193250
19 0 7 0 7 0 0 -22.894760 -43.186436
19 0 13 0 15 0 0 -22.896865 -43.181523
18 1 12 0 13 0 0 -22.898395 -43.179494
17 0 6 0 16 0 0 -22.898935 -43.176871
15 0 6 0 10 0 0 -22.901348 -43.174971
23 1 11 0 5 0 0 -22.902055 -43.178977
17 1 3 0 0 0 0 -22.902012 -43.184297
19 0 11 0 12 0 0 -22.904005 -43.176561
29 0 7 0 0 0 0 -22.902256 -43.173943
15 0 7 0 6 1 0 -22.906208 -43.175917
19 0 5 0 8 0 0 -22.906758 -43.172874
21 1 10 0 18 1 0 -22.910231 -43.171988
23 0 6 0 2 0 0 -22.911303 -43.168147
15 0 2 0 1 0 0 -22.906336 -43.193822
19 0 3 0 0 0 0 -22.912412 -43.192050
15 0 2 0 0 0 0 -22.914633 -43.185165
17 0 4 0 0 1 0 -22.910626 -43.189274
17 1 5 0 1 1 0 -22.911129 -43.185822
14 1 7 0 11 0 0 -22.909549 -43.180911
11 0 2 0 1 0 0 -22.907336 -43.185757
23 1 3 0 1 0 0 -22.913766 -43.188012
11 0 6 0 5 0 0 -22.905364 -43.185103
19 0 4 0 1 0 0 -22.903460 -43.187208
15 1 9 0 10 0 0 -22.924956 -43.172841
19 0 8 0 1 0 0 -22.993594 -43.253625
15 0 11 0 14 0 0 -22.999560 -43.266257
29 0 12 0 21 0 0 -22.870154 -43.340157
31 0 7 0 3 0 0 -22.856222 -43.351914
15 0 8 0 11 0 0 -23.014460 -43.297974
15 0 9 0 11 0 0 -23.014507 -43.301609
15 0 9 0 15 0 0 -23.014772 -43.306659
15 0 9 0 12 1 0 -23.013687 -43.309691
15 0 7 0 5 0 0 -23.013824 -43.313852
15 0 6 0 11 0 0 -23.012993 -43.317209
15 0 6 0 6 1 0 -23.012175 -43.321271
15 0 6 0 11 0 0 -23.011268 -43.325769
14 1 5 0 1 2 0 -23.010631 -43.331118
11 0 3 0 5 0 0 -23.010233 -43.339543
15 0 6 0 12 0 0 -23.010119 -43.345015
19 0 8 0 6 0 0 -23.003723 -43.325224
14 1 7 0 13 0 0 -23.004290 -43.320717
11 0 2 0 4 0 0 -23.007213 -43.316902
19 0 9 0 13 0 0 -23.000749 -43.351815
11 0 8 0 11 0 0 -23.012604 -43.305508
11 0 7 0 7 0 0 -22.896688 -43.180564
11 0 5 0 7 0 0 -23.008688 -43.304132
15 1 5 0 3 1 0 -22.960477 -43.202726
23 1 6 0 14 0 0 -23.007348 -43.310954
17 0 8 0 15 0 0 -23.022885 -43.449450
27 0 6 0 20 0 0 -23.030275 -43.468991
15 0 6 0 7 0 0 -23.010153 -43.320955
15 0 5 0 11 0 0 -23.010110 -43.350920
11 0 4 0 6 0 0 -23.010269 -43.357176
10 0 6 0 7 1 0 -23.010788 -43.364867
19 0 8 0 1 1 0 -23.001951 -43.364566
11 0 5 0 1 0 0 -23.010769 -43.369417
17 0 9 0 13 0 0 -22.897355 -43.182350
11 0 4 0 10 0 0 -23.025158 -43.457011
11 0 4 0 6 0 0 -23.027220 -43.463301
11 0 2 0 0 0 0 -23.009890 -43.441094
19 0 5 0 5 0 0 -23.031350 -43.479584
19 0 3 1 0 0 0 -22.980630 -43.213200
11 0 5 0 4 1 0 -22.893595 -43.196273
11 0 1 0 0 0 0 -22.918949 -43.265701
23 0 17 0 16 0 0 -22.900130 -43.179020
11 0 3 1 4 0 0 -22.984553 -43.199943
17 0 7 0 15 0 0 -22.919190 -43.213650
17 0 5 0 2 0 0 -22.935170 -43.188530
11 1 3 0 4 3 0 -22.982140 -43.217910
17 0 8 0 3 0 0 -22.922514 -43.247541
19 0 11 0 15 0 0 -22.898410 -43.219420
23 0 15 0 18 0 0 -22.895620 -43.220440
17 0 5 0 1 0 0 -22.924527 -43.251570
15 0 9 0 6 0 0 -22.901789 -43.217280
11 0 2 0 3 1 0 -22.952210 -43.186830
15 0 6 0 5 0 0 -22.916300 -43.247700
15 0 6 2 8 2 0 -22.974580 -43.187870
27 0 2 0 0 0 0 -22.922780 -43.264360
31 0 9 0 3 0 0 -22.914180 -43.195950
27 0 4 2 6 5 0 -22.986590 -43.222680
15 0 4 0 0 2 0 -22.940190 -43.191660
23 0 3 0 0 0 0 -22.916560 -43.188290
19 0 8 0 6 0 0 -22.909210 -43.183200
11 0 5 0 8 0 0 -22.911730 -43.195110
15 0 7 0 3 0 0 -22.909385 -43.222671
11 0 7 0 8 0 0 -22.904475 -43.218258
11 0 5 0 6 0 0 -22.899794 -43.222834
15 0 10 0 11 0 0 -22.907086 -43.217758
17 0 9 0 14 0 0 -22.895927 -43.215529
15 0 6 0 11 0 0 -22.914023 -43.237564
11 0 2 0 2 0 0 -22.920513 -43.208600
19 0 8 0 10 0 0 -22.924440 -43.209200
23 0 13 0 19 3 0 -22.938220 -43.195180
11 0 4 0 3 0 0 -22.924020 -43.254650
23 0 9 0 11 0 0 -22.917440 -43.211280
11 0 3 0 3 0 0 -22.927885 -43.239744
27 0 7 0 10 0 0 -22.918780 -43.250740
31 0 13 0 9 0 0 -22.923020 -43.234440
17 0 7 0 8 0 0 -23.010380 -43.297231
17 0 6 1 11 0 0 -22.965421 -43.178407
15 0 2 0 0 0 0 -22.914030 -43.182339
15 0 5 0 11 1 0 -22.945830 -43.182530
15 0 2 0 2 1 0 -22.950850 -43.176220
19 0 5 0 12 0 0 -22.954713 -43.182538
15 0 6 0 0 0 0 -22.917395 -43.231146
11 0 3 0 2 0 0 -22.919433 -43.257601
19 0 14 0 19 0 0 -22.898963 -43.225927
15 0 9 0 7 0 0 -22.905799 -43.220396
17 1 3 0 5 1 0 -22.949928 -43.190985
15 0 12 0 13 0 0 -22.901672 -43.225704
19 0 8 0 5 0 0 -22.915805 -43.243872
11 0 0 0 0 0 0 -22.923440 -43.213058
15 0 5 0 2 0 0 -22.899172 -43.207468
11 0 3 0 1 0 0 -22.938574 -43.182687
17 0 3 0 0 0 0 -22.923828 -43.258655
27 0 9 1 21 2 0 -22.969710 -43.182860
15 0 2 0 1 0 0 -22.930924 -43.234436
15 0 8 0 8 0 0 -22.897410 -43.202720
19 0 9 2 12 0 0 -22.965966 -43.179059
19 0 6 0 8 1 0 -22.955639 -43.178092
23 0 11 0 2 0 0 -22.933016 -43.183561
11 0 2 0 2 0 0 -22.926083 -43.248693
19 0 5 0 3 0 0 -22.917019 -43.261711
27 0 3 1 0 0 0 -22.979136 -43.224599
15 0 3 1 0 4 0 -22.973563 -43.202077
15 0 6 1 2 2 0 -22.961049 -43.214530
15 0 3 0 2 0 0 -22.946077 -43.187978
15 0 1 6 0 10 0 -22.963910 -43.192112
11 0 1 0 0 1 0 -22.936750 -43.182230
11 0 6 0 7 0 0 -22.929913 -43.240595
11 0 7 0 9 1 0 -22.910579 -43.177317
23 0 6 0 8 0 0 -22.907101 -43.168752
19 0 1 0 0 1 0 -22.921225 -43.180331
11 0 2 0 0 0 0 -22.925900 -43.178361
11 0 4 0 0 0 0 -22.936577 -43.175824
11 0 4 0 5 1 0 -22.940787 -43.182458
15 0 7 0 6 0 0 -22.908779 -43.222432
11 0 4 2 1 0 0 -22.978831 -43.228871
11 0 3 0 0 0 0 -22.924785 -43.176631
11 0 8 0 11 0 0 -22.953379 -43.171096
23 0 5 2 0 2 0 -22.987670 -43.195200
17 0 2 1 5 0 0 -22.990783 -43.229202
19 0 6 0 6 0 0 -23.001104 -43.333885
11 0 4 0 5 0 0 -23.031449 -43.472970
15 0 5 0 9 0 0 -23.012093 -43.457728
11 0 3 0 5 0 0 -23.019665 -43.488368
10 0 3 0 6 0 0 -22.923000 -43.208759
19 0 8 0 13 0 0 -22.899912 -43.228839
15 0 4 0 2 0 0 -22.898712 -43.209786
11 0 3 1 3 0 0 -22.986135 -43.200803
17 0 5 2 10 2 0 -22.967071 -43.181728
23 0 4 0 16 1 0 -22.949472 -43.183956
15 0 5 1 6 1 0 -22.983590 -43.226438
11 0 1 0 0 0 0 -22.919666 -43.262106
15 0 8 0 12 0 0 -22.963406 -43.173188
11 0 7 0 9 0 0 -22.932065 -43.181048
19 0 9 0 6 0 0 -22.932102 -43.174814
15 0 6 0 5 1 0 -22.908315 -43.174491
19 0 8 2 12 3 0 -22.966199 -43.177561
19 0 8 0 0 1 0 -22.912605 -43.180734
19 0 3 0 3 0 0 -22.932277 -43.246427
19 0 5 1 5 3 0 -22.965460 -43.228012
11 0 4 0 6 0 0 -22.936679 -43.190031
15 0 5 0 2 1 0 -22.941655 -43.173144
19 0 3 0 2 1 0 -22.917492 -43.194738
11 0 3 0 0 0 0 -22.900470 -43.207630
15 0 11 0 14 0 0 -22.925150 -43.233010
23 0 5 0 15 0 0 -22.956320 -43.177330
19 0 5 0 5 0 0 -22.924280 -43.224387
18 0 4 0 4 0 0 -22.920151 -43.215253
15 0 8 0 15 0 0 -22.913406 -43.234977
19 0 7 0 13 0 0 -22.924944 -43.210512
19 0 7 0 12 0 0 -22.897197 -43.184055
19 0 6 0 0 0 0 -22.917126 -43.176982
11 0 1 0 1 0 0 -22.895114 -43.190611
15 0 4 0 2 0 0 -22.947158 -43.185694
19 0 4 0 4 0 0 -22.953582 -43.186086
11 0 1 0 2 5 0 -22.959028 -43.199951
11 0 2 1 0 0 0 -22.961999 -43.168337
23 0 4 2 1 1 0 -22.963839 -43.176385
19 0 5 1 11 0 0 -22.966758 -43.185182
19 0 7 1 8 0 0 -22.979092 -43.189773
11 0 2 1 3 0 0 -22.983758 -43.194009
19 0 3 1 3 0 0 -22.980864 -43.204109
19 0 4 1 2 0 0 -22.976899 -43.230699
19 0 10 0 14 0 0 -22.929819 -43.177260
11 0 4 1 2 1 0 -22.977185 -43.189617
15 0 5 2 3 4 0 -22.984789 -43.189926
11 0 2 0 0 2 0 -22.940027 -43.200263
17 0 6 2 10 1 0 -22.964974 -43.174434
19 0 3 0 5 0 0 -22.935748 -43.243982
19 0 9 0 19 0 0 -22.998743 -43.270163
17 0 2 0 0 0 0 -22.937582 -43.246311
19 0 3 0 6 0 0 -22.939585 -43.249372
15 0 8 0 11 0 0 -22.912475 -43.217691
15 0 6 0 10 0 0 -22.920959 -43.253685
15 0 2 0 6 0 0 -22.942327 -43.253541
19 0 6 0 15 0 0 -22.946708 -43.257288
17 0 4 0 4 0 0 -23.010435 -43.335257
11 0 3 0 4 0 0 -23.006240 -43.312255
11 0 5 0 10 0 0 -23.007370 -43.307647
11 0 6 0 4 0 0 -22.904164 -43.221997
15 0 4 0 7 0 0 -22.918761 -43.253932
15 0 4 0 11 0 0 -22.922694 -43.250285
15 0 3 0 1 0 0 -22.940867 -43.250519
15 0 2 0 3 0 0 -22.913222 -43.242267
15 0 4 0 6 0 0 -22.946090 -43.255196
15 0 4 0 7 0 0 -23.001418 -43.328582
15 0 10 0 13 0 0 -22.932014 -43.179088
15 0 4 1 0 0 0 -22.960937 -43.207868
11 0 4 0 8 1 0 -22.938983 -43.196114
15 0 5 0 1 0 0 -22.961955 -43.166995
15 0 9 0 13 0 0 -22.931063 -43.238617
15 0 3 0 3 0 0 -22.992826 -43.253508
27 0 16 0 21 0 0 -22.886142 -43.229014
19 0 4 0 0 0 0 -22.909145 -43.193633
11 0 3 0 3 1 0 -22.904840 -43.173610
23 0 4 0 0 0 0 -22.900210 -43.210930
23 0 3 3 8 1 0 -22.982815 -43.194297
15 0 6 1 11 1 0 -22.977939 -43.189509
