571 111 12609 2963 2116 399 384 -23 1336 1505
0 37.788260 -122.391550
35 0 5 3 5 5 1 37.329732 -121.901782
27 0 7 7 6 1 1 37.350964 -121.902016
15 0 7 4 8 5 1 37.339301 -121.889937
19 0 6 1 6 2 1 37.343985 -121.874385
23 0 3 10 7 12 0 37.337122 -121.883215
15 0 6 2 1 0 1 37.342997 -121.888889
27 0 4 3 5 0 1 37.360854 -121.906834
19 1 7 0 7 1 0 37.360001 -121.878778
19 0 10 2 14 0 1 37.323345 -121.913497
15 0 3 2 10 2 1 37.323678 -121.874119
19 0 0 2 5 3 1 37.346480 -121.868570
23 0 10 8 9 10 1 37.365536 -121.867966
23 0 9 1 10 0 1 37.336775 -121.909149
23 0 3 9 5 10 1 37.335885 -121.885660
23 0 11 5 12 2 1 37.367678 -121.918794
19 0 4 2 5 0 1 37.330264 -121.897702
15 0 5 5 5 5 1 37.318450 -121.883172
19 0 7 2 8 2 1 37.355030 -121.904436
19 0 3 8 6 6 1 37.333955 -121.877349
23 0 4 9 5 10 1 37.322125 -121.881090
27 0 3 3 6 3 1 37.327581 -121.884559
31 0 6 1 5 2 1 37.347712 -121.890553
19 0 5 4 8 9 1 37.343208 -121.884390
23 0 8 3 7 0 1 37.331932 -121.904888
19 1 7 7 5 9 0 37.311284 -121.896325
23 0 8 5 11 0 0 37.350902 -121.895843
15 0 6 2 6 4 1 37.341335 -121.903183
23 0 9 0 12 3 1 37.332692 -121.900084
11 0 3 3 2 0 1 37.336188 -121.889277
19 1 2 10 2 12 0 37.322980 -121.887931
19 0 1 8 1 7 1 37.371116 -121.881332
19 0 13 1 14 2 1 37.326282 -121.904911
23 0 5 8 7 9 1 37.338022 -121.919478
11 1 3 1 0 2 0 37.333988 -121.894902
15 0 3 3 7 0 1 37.336802 -121.894090
23 0 13 3 13 2 1 37.320866 -121.876279
23 0 13 2 16 0 1 37.352601 -121.905733
15 1 2 5 1 8 0 37.339146 -121.884105
19 0 10 1 8 1 1 37.344882 -121.896965
15 0 8 3 10 1 1 37.338468 -121.866521
23 1 13 4 6 5 0 37.337391 -121.886995
19 0 12 3 14 2 1 37.333798 -121.886943
23 1 10 2 7 4 0 37.329119 -121.904576
27 0 6 7 7 6 1 37.320969 -121.908296
19 1 1 1 1 2 0 37.365227 -121.916815
19 0 6 6 5 7 1 37.326846 -121.889201
23 0 3 15 2 18 1 37.332794 -121.875926
23 0 11 4 11 2 1 37.331415 -121.893200
19 0 3 9 0 11 1 37.332800 -121.883850
23 0 7 3 7 1 1 37.356834 -121.895936
19 1 9 7 9 7 0 37.336466 -121.876613
19 0 1 12 0 0 1 37.338395 -121.880797
23 0 10 3 13 7 1 37.353062 -121.891937
23 0 5 7 8 11 1 37.309014 -121.900011
19 0 11 2 11 2 1 37.317298 -121.884995
19 0 3 6 8 6 1 37.333677 -121.908618
25 0 16 2 18 2 1 37.365088 -121.871612
23 0 12 2 13 8 0 37.326011 -121.912327
23 0 1 3 2 0 1 37.361867 -121.909315
27 0 19 1 18 2 1 37.348759 -121.894798
15 1 4 8 6 7 0 37.339853 -121.863649
15 0 4 1 6 0 0 37.364060 -121.911732
15 0 5 5 8 2 1 37.352887 -121.886050
23 0 6 3 17 2 1 37.332233 -121.912516
23 1 7 3 4 5 0 37.342725 -121.895617
27 0 4 3 6 10 1 37.325998 -121.877120
23 0 5 2 0 5 1 37.338671 -121.895644
19 1 6 5 8 6 0 37.319988 -121.893220
15 0 6 4 3 1 1 37.330698 -121.888979
15 0 4 6 2 7 1 37.315158 -121.897833
23 1 4 12 6 11 0 37.342663 -121.877292
23 0 5 1 7 0 1 37.341132 -121.892844
23 0 4 1 5 0 1 37.321182 -121.903090
27 0 11 12 11 10 1 37.316736 -121.910005
19 0 2 12 7 8 1 37.332039 -121.881766
19 0 9 5 10 1 1 37.347593 -121.899662
23 1 11 5 14 5 0 37.349426 -121.887619
23 0 4 1 7 1 1 37.324126 -121.899720
27 0 6 4 3 3 1 37.323451 -121.905976
23 0 6 7 5 1 1 37.355693 -121.892251
31 0 10 14 11 14 1 37.320316 -121.870099
19 0 6 4 4 9 1 37.758862 -122.412544
15 1 2 2 2 1 0 37.754522 -122.404039
27 0 6 3 7 2 1 37.776513 -122.411306
35 0 1 1 3 6 1 37.790044 -122.401994
19 0 1 6 3 0 1 37.769244 -122.426964
21 0 4 3 1 0 1 37.779488 -122.463142
27 0 4 3 3 10 1 37.781131 -122.447374
19 0 2 4 1 0 1 37.763527 -122.479492
19 0 3 2 7 1 1 37.730655 -122.444305
23 0 6 4 6 4 1 37.860125 -122.269384
23 0 7 3 8 3 1 37.806355 -122.286019
19 0 4 1 4 2 1 37.717686 -122.474318
19 1 11 2 15 0 0 37.815779 -122.289474
31 0 4 4 4 0 1 37.764794 -122.394760
19 0 3 8 6 8 1 37.855956 -122.259795
31 0 3 2 1 2 1 37.802055 -122.401715
27 0 2 1 2 0 1 37.771058 -122.402717
19 1 2 3 0 3 0 37.729279 -122.392896
31 0 6 5 9 11 1 37.755367 -122.388795
21 0 1 0 2 0 1 37.786456 -122.399749
23 0 2 1 2 0 1 37.726943 -122.406600
15 0 4 6 0 0 1 37.842630 -122.267738
23 1 0 6 0 7 0 37.788479 -122.420335
27 0 1 6 1 5 1 37.771793 -122.433708
15 0 2 3 1 0 1 37.747330 -122.507535
23 1 2 5 0 2 0 37.775120 -122.464998
23 0 4 5 5 4 1 37.763874 -122.509526
13 0 3 1 5 2 1 37.743869 -122.398875
31 1 1 2 7 18 0 37.791300 -122.399051
18 0 2 0 7 2 1 37.776311 -122.394495
27 0 3 1 0 1 1 37.785479 -122.419342
15 0 6 2 4 1 1 37.857608 -122.261605
23 0 8 5 10 3 1 37.759017 -122.421458
15 0 1 4 2 4 1 37.743684 -122.426806
27 1 2 6 0 9 0 37.773063 -122.439078
19 0 4 7 5 4 1 37.835670 -122.281126
27 0 2 2 0 3 1 37.783973 -122.442878
23 0 11 0 17 1 1 37.797673 -122.262997
18 0 5 3 6 2 1 37.803968 -122.455079
23 0 6 5 4 4 1 37.750945 -122.412083
29 1 5 7 2 0 0 37.870139 -122.268422
19 0 2 8 8 2 1 37.788569 -122.435401
27 0 1 4 0 7 1 37.725477 -122.452286
19 0 4 7 6 7 1 37.802767 -122.413276
23 0 3 1 0 0 0 37.751472 -122.498558
19 0 5 3 3 1 1 37.723426 -122.455102
15 0 1 1 4 1 1 37.742314 -122.423181
23 1 11 5 15 8 0 37.876573 -122.269528
19 0 1 7 1 7 1 37.790803 -122.432590
27 0 12 3 12 9 1 37.811377 -122.265192
19 1 3 5 1 0 0 37.778557 -122.477990
35 0 1 1 1 0 1 37.767045 -122.390833
23 0 4 2 1 3 1 37.762899 -122.495389
19 0 1 4 0 0 1 37.781468 -122.458806
27 0 1 7 1 5 1 37.772561 -122.448907
19 0 5 1 13 1 1 37.763847 -122.413004
28 0 8 4 9 0 1 37.806929 -122.411536
31 0 14 5 15 5 1 37.807813 -122.264496
19 0 1 5 0 3 1 37.771951 -122.453705
23 0 10 2 8 3 1 37.862817 -122.290295
29 0 5 2 10 0 1 37.780680 -122.450012
15 0 7 1 7 0 1 37.840364 -122.264488
23 1 11 6 7 16 0 37.808894 -122.256460
31 0 1 5 2 12 1 37.828595 -122.266349
27 0 1 10 0 3 1 37.777388 -122.441952
23 0 4 5 1 1 1 37.772954 -122.509071
19 1 9 5 8 8 0 37.802688 -122.269146
19 0 4 5 5 8 1 37.774153 -122.212398
19 1 0 4 0 1 0 37.775681 -122.494064
19 1 5 4 8 1 0 37.866043 -122.258804
16 0 3 4 1 0 1 37.781758 -122.486029
24 0 5 2 1 4 1 37.772438 -122.403924
31 0 3 7 0 5 1 37.774804 -122.446649
15 1 3 1 4 3 0 37.745739 -122.422140
19 1 5 3 10 4 0 37.742075 -122.386602
19 0 8 3 7 1 1 37.855574 -122.263565
15 0 9 1 10 1 1 37.870407 -122.299676
15 0 6 4 7 4 1 37.841800 -122.251535
27 0 3 12 0 1 1 37.802664 -122.436064
15 0 5 3 3 0 1 37.849735 -122.270582
19 1 7 2 2 7 0 37.811351 -122.273422
13 0 1 3 0 2 1 37.740589 -122.389089
19 1 12 4 13 2 0 37.805207 -122.275156
31 0 1 1 3 6 1 37.790963 -122.404199
23 0 11 4 7 9 1 37.868135 -122.265937
15 0 7 2 8 1 1 37.812331 -122.285171
18 0 1 0 6 2 1 37.786466 -122.398716
27 1 5 3 0 0 0 37.763721 -122.475374
20 0 6 2 5 3 1 37.857567 -122.267558
27 0 7 2 4 4 0 37.766594 -122.398198
19 0 7 3 9 1 1 37.823523 -122.277188
31 0 8 2 2 0 1 37.774520 -122.409449
17 0 3 4 2 1 1 37.739833 -122.425750
15 1 6 2 7 7 0 37.777696 -122.406301
19 0 4 0 3 2 1 37.773507 -122.416040
31 1 8 12 8 20 0 37.824893 -122.260437
19 0 7 5 9 0 1 37.833539 -122.263694
19 0 7 6 11 4 1 37.812744 -122.247215
27 0 3 4 1 1 1 37.803307 -122.414898
35 0 5 4 9 1 0 37.782259 -122.391465
12 0 1 0 5 2 1 37.776455 -122.394377
24 0 10 1 11 2 1 37.722382 -122.443810
23 0 1 10 2 6 1 37.797439 -122.433989
23 0 6 2 6 4 1 37.804648 -122.402087
27 0 8 3 8 5 1 37.800002 -122.266438
25 0 8 3 6 2 1 37.772301 -122.393028
15 0 7 4 13 1 0 37.841924 -122.288045
15 0 4 7 2 5 1 37.835750 -122.262654
22 0 3 1 3 7 1 37.789073 -122.392179
35 0 11 4 15 11 1 37.804562 -122.271738
30 1 5 3 3 3 0 37.722001 -122.482735
19 0 4 3 3 3 1 37.814988 -122.274844
32 1 2 2 12 16 0 37.793096 -122.398836
27 1 4 9 0 7 0 37.772354 -122.435857
23 0 4 2 12 4 1 37.799676 -122.452599
19 1 1 5 1 9 0 37.787327 -122.413278
28 0 4 7 6 0 1 37.804432 -122.433523
23 0 11 2 13 3 0 37.831275 -122.285633
23 0 4 7 8 6 1 37.803030 -122.270496
27 0 4 5 2 4 1 37.740322 -122.376784
23 0 5 6 8 10 1 37.754979 -122.425785
15 1 6 2 6 5 0 37.783757 -122.222603
21 0 0 5 3 1 1 37.739081 -122.417308
23 0 2 8 2 2 1 37.849435 -122.252541
27 1 3 2 0 14 0 37.792847 -122.396331
15 0 5 3 8 2 0 37.869967 -122.286533
23 0 4 12 0 17 1 37.833294 -122.256224
19 0 4 2 9 0 1 37.768227 -122.420359
27 0 0 4 2 15 1 37.776101 -122.453093
31 0 11 4 8 3 1 37.720950 -122.478859
23 0 3 1 7 2 1 37.805189 -122.294617
39 0 2 2 1 4 1 37.795001 -122.399970
31 1 2 1 9 1 0 37.790296 -122.393875
19 0 2 5 1 0 1 37.751737 -122.495600
15 0 1 4 0 0 1 37.747858 -122.424986
19 0 1 10 0 10 1 37.800287 -122.425786
15 0 1 2 0 0 1 37.797176 -122.403627
23 0 10 4 13 1 1 37.862464 -122.264791
19 0 2 3 0 0 1 37.753005 -122.508540
19 0 2 3 1 1 1 37.758900 -122.495129
27 0 1 6 0 1 1 37.768384 -122.451967
31 0 2 3 2 2 1 37.784419 -122.439361
19 0 2 12 1 11 1 37.858473 -122.253253
19 0 1 10 3 13 1 37.759211 -122.436797
23 0 4 4 6 2 1 37.738930 -122.483148
31 1 3 8 12 0 0 37.785390 -122.431773
30 0 0 13 0 26 1 37.869394 -122.254330
23 1 4 2 4 0 0 37.852477 -122.270213
24 0 2 5 2 3 1 37.771700 -122.458282
23 0 4 6 3 2 1 37.835788 -122.251621
27 1 7 2 3 6 0 37.768545 -122.404237
27 0 1 12 6 7 1 37.794160 -122.421568
35 0 8 3 16 8 1 37.797280 -122.398436
19 0 5 3 3 11 1 37.807171 -122.409279
15 0 5 1 11 2 1 37.852998 -122.289446
32 1 1 9 0 1 0 37.771135 -122.445341
27 0 5 5 3 3 1 37.777053 -122.429558
23 0 9 1 5 4 1 37.763735 -122.415524
27 0 2 7 4 3 1 37.766219 -122.431060
19 0 1 8 2 3 1 37.720038 -122.433823
23 1 1 8 4 16 0 37.789279 -122.445069
23 0 4 1 3 2 1 37.727395 -122.435474
15 0 3 5 7 5 1 37.747300 -122.411403
25 1 7 3 17 1 0 37.777870 -122.422953
27 1 5 1 11 3 0 37.797320 -122.265320
16 0 6 1 6 0 1 37.716161 -122.440106
30 0 1 17 1 14 1 37.800496 -122.410887
27 1 8 4 10 6 0 37.783844 -122.390002
15 0 3 6 8 5 1 37.811081 -122.243268
23 0 3 1 7 0 1 37.799953 -122.398525
19 0 1 3 1 0 1 37.796593 -122.455688
38 1 9 2 13 8 0 37.795392 -122.394203
23 0 5 1 10 5 1 37.766602 -122.421863
27 0 5 4 3 0 1 37.775211 -122.511208
19 0 3 3 4 5 1 37.766100 -122.426659
23 0 6 9 9 6 1 37.836182 -122.287180
19 0 2 3 10 1 1 37.744067 -122.421472
31 0 8 2 2 1 1 37.781074 -122.411738
23 1 5 1 5 0 0 37.724893 -122.443238
19 1 3 6 6 11 0 37.755280 -122.421137
15 1 3 7 5 10 0 37.880222 -122.269592
27 0 5 6 0 4 1 37.771589 -122.495772
15 1 5 3 5 4 0 37.830545 -122.273937
19 0 2 2 2 1 1 37.753929 -122.488344
19 0 8 1 4 0 1 37.840945 -122.291360
19 0 3 1 5 0 1 37.733093 -122.390973
19 0 10 6 14 1 1 37.787441 -122.255555
23 0 2 11 1 0 1 37.800494 -122.432759
35 0 4 1 6 0 0 37.775235 -122.397437
11 1 1 1 0 0 0 37.774479 -122.413914
35 0 3 7 6 6 1 37.757704 -122.391885
27 0 1 4 6 0 1 37.728296 -122.451713
27 0 5 1 1 0 1 37.767079 -122.407359
28 0 3 1 5 4 1 37.774256 -122.401850
23 0 1 12 1 14 1 37.797628 -122.423535
19 0 2 2 0 0 1 37.780949 -122.456303
29 0 1 2 1 3 1 37.780760 -122.394989
19 0 2 6 0 1 0 37.751712 -122.429650
19 1 5 2 5 11 0 37.734966 -122.429772
19 0 4 3 1 0 1 37.752809 -122.504261
27 0 1 4 2 0 1 37.731085 -122.476163
23 1 1 2 3 16 0 37.791401 -122.391038
27 0 2 5 1 11 1 37.779115 -122.436862
27 0 8 5 6 4 1 37.776247 -122.426203
24 0 2 3 6 5 1 37.786578 -122.453423
27 0 2 2 0 0 1 37.773587 -122.471357
23 1 6 1 4 1 0 37.713185 -122.433405
35 0 6 1 1 5 1 37.783899 -122.408445
15 0 2 5 5 0 1 37.851376 -122.252523
19 0 0 10 0 6 1 37.796471 -122.416858
23 0 1 2 0 2 1 37.784078 -122.411926
27 0 3 2 1 2 1 37.764783 -122.390897
23 0 12 2 7 6 0 37.866249 -122.299371
23 0 3 5 4 2 1 37.754337 -122.413245
13 1 3 1 3 1 0 37.740048 -122.383436
21 0 2 2 4 0 1 37.757000 -122.502551
23 0 3 1 5 6 1 37.773238 -122.399998
19 0 5 5 6 6 1 37.838800 -122.258732
15 0 5 2 7 0 1 37.790140 -122.242373
15 1 4 2 5 2 0 37.723265 -122.437826
19 0 8 2 8 0 1 37.855783 -122.283127
19 0 3 5 0 4 1 37.769050 -122.433613
15 1 4 1 2 4 0 37.782280 -122.407313
23 1 10 6 5 7 0 37.827757 -122.256716
23 0 1 9 1 12 1 37.790588 -122.418933
33 0 2 1 7 10 1 37.789710 -122.405484
12 0 3 0 9 0 1 37.764685 -122.419927
23 1 4 6 10 3 0 37.741849 -122.507059
23 0 3 6 5 6 1 37.770479 -122.510594
15 0 0 6 0 3 1 37.875321 -122.260155
27 0 14 4 12 1 1 37.795195 -122.273970
27 1 9 5 10 6 0 37.761420 -122.426435
23 0 5 3 7 11 1 37.787290 -122.394380
19 0 5 3 7 3 1 37.731921 -122.389886
23 0 2 1 2 0 1 37.760343 -122.387449
15 0 11 0 12 0 1 37.794396 -122.253842
31 0 2 8 0 8 1 37.773562 -122.442571
23 1 1 2 0 1 0 37.786611 -122.450052
15 0 3 5 0 7 1 37.834174 -122.272968
31 1 1 0 2 0 0 37.781361 -122.418530
21 1 3 2 1 1 0 37.780364 -122.472809
14 0 1 1 0 0 1 37.721610 -122.462331
19 0 2 9 4 3 1 37.799208 -122.434122
15 0 4 2 3 0 1 37.725603 -122.476561
19 0 8 3 17 1 1 37.804037 -122.262409
23 0 9 5 8 1 1 37.865847 -122.267443
15 1 5 2 4 7 0 37.810743 -122.291415
19 0 6 2 8 0 1 37.819381 -122.261928
23 0 5 5 8 5 1 37.780450 -122.431946
23 0 3 8 0 1 1 37.781722 -122.492844
20 0 2 2 13 4 1 37.746909 -122.420097
19 0 2 2 6 7 1 37.784872 -122.400876
19 0 8 1 9 0 1 37.738901 -122.389525
19 0 3 3 4 4 1 37.717792 -122.469903
27 0 2 4 1 0 1 37.782442 -122.471987
23 0 3 5 7 6 1 37.839543 -122.298718
35 0 8 4 11 5 1 37.773793 -122.421239
40 0 14 2 16 8 1 37.732813 -122.434140
23 0 3 5 13 6 1 37.868911 -122.258786
15 0 1 4 0 5 0 37.806066 -122.470286
23 0 5 2 6 0 0 37.736296 -122.389970
19 0 7 2 10 0 1 37.822684 -122.272924
15 0 5 2 9 2 1 37.750434 -122.390447
15 0 2 2 1 3 1 37.756808 -122.405943
19 0 5 2 7 2 1 37.737040 -122.394498
27 1 8 1 2 6 0 37.769263 -122.407054
19 0 10 1 5 4 1 37.869069 -122.293420
27 0 1 2 1 6 1 37.783176 -122.393378
25 0 0 4 0 2 1 37.707828 -122.468037
11 0 4 1 6 4 1 37.850222 -122.260172
27 0 8 4 1 13 1 37.765058 -122.398995
27 0 5 0 2 0 1 37.771229 -122.400886
27 0 5 1 4 1 1 37.782405 -122.439446
27 0 3 1 5 2 1 37.770314 -122.391237
27 0 6 2 7 2 1 37.726266 -122.479462
27 1 2 7 0 5 0 37.772908 -122.465931
36 0 5 2 1 5 1 37.775993 -122.393006
23 0 6 7 7 6 1 37.805454 -122.413668
31 0 9 5 6 0 1 37.778342 -122.426374
23 1 5 4 5 3 0 37.771762 -122.398438
19 0 4 0 9 0 1 37.775834 -122.402692
19 1 2 3 1 0 0 37.763443 -122.483554
19 0 2 1 1 1 1 37.720240 -122.425312
35 0 1 1 13 6 1 37.787492 -122.398285
15 0 3 2 7 5 0 37.731657 -122.451122
19 0 1 1 2 0 1 37.720634 -122.447538
22 0 5 2 3 4 1 37.801750 -122.456363
27 0 5 6 10 5 0 37.769818 -122.429148
23 0 3 4 0 3 1 37.764224 -122.467377
23 0 6 8 11 1 1 37.756880 -122.420907
35 0 3 2 3 5 1 37.785876 -122.408923
15 0 4 6 8 6 0 37.839649 -122.271756
19 1 4 5 8 2 0 37.763242 -122.430675
15 0 0 2 0 0 1 37.754040 -122.484040
19 1 1 1 2 0 0 37.776598 -122.395282
19 1 8 3 7 2 0 37.846516 -122.265304
35 0 17 8 17 1 1 37.800214 -122.253810
27 0 3 5 8 3 1 37.788048 -122.438812
23 0 5 3 5 12 1 37.804770 -122.403234
23 0 9 1 15 0 1 37.830223 -122.270950
31 1 11 1 8 3 0 37.771431 -122.405787
23 0 13 2 19 0 1 37.873676 -122.268487
31 0 6 3 6 1 1 37.873856 -122.282988
15 0 4 4 5 6 1 37.759162 -122.410048
27 1 4 2 1 5 0 37.771767 -122.386689
19 0 6 4 9 4 1 37.833558 -122.267418
30 0 3 1 4 1 1 37.796725 -122.401658
23 0 3 4 4 2 1 37.731400 -122.472202
27 0 8 3 10 0 1 37.806970 -122.266588
19 0 7 2 0 2 1 37.795913 -122.255547
15 0 6 2 11 0 1 37.858868 -122.291209
37 0 1 1 0 3 1 37.785199 -122.396217
15 1 5 2 8 2 0 37.838443 -122.288665
21 0 2 2 4 0 1 37.787002 -122.420053
27 0 1 6 5 14 1 37.770519 -122.442326
23 0 5 1 6 12 1 37.787963 -122.391808
31 0 9 3 11 2 1 37.780806 -122.421906
35 0 3 2 11 4 1 37.786138 -122.405234
31 0 6 2 5 9 1 37.781194 -122.399986
15 0 2 10 4 3 1 37.792714 -122.248780
19 0 4 4 6 11 1 37.764478 -122.402570
27 1 6 4 10 6 0 37.803826 -122.467709
27 0 4 7 2 3 1 37.758238 -122.426094
19 1 0 2 0 1 0 37.765783 -122.457637
19 0 6 1 6 0 1 37.764839 -122.420141
23 0 9 3 16 6 1 37.829705 -122.287610
23 0 11 4 13 5 1 37.814931 -122.292953
19 0 4 6 6 5 1 37.816060 -122.278244
19 0 2 4 3 1 1 37.789588 -122.440683
27 0 4 3 1 6 1 37.763281 -122.407377
19 0 2 11 0 5 1 37.861760 -122.253677
19 0 2 1 0 0 1 37.778487 -122.458645
39 1 2 2 9 22 0 37.788032 -122.395626
19 0 3 4 2 3 1 37.760523 -122.509509
19 0 2 2 0 0 1 37.764544 -122.410349
31 0 8 1 11 1 1 37.772000 -122.389970
19 0 6 5 5 0 1 37.862320 -122.258801
23 0 7 4 7 0 1 37.800459 -122.247459
21 0 2 1 1 0 1 37.777899 -122.391414
23 0 7 3 10 2 1 37.838127 -122.251271
27 1 4 2 3 1 0 37.781982 -122.435770
23 1 2 0 4 4 0 37.792459 -122.397925
19 0 12 3 9 6 1 37.808750 -122.283282
27 1 2 4 0 2 0 37.787094 -122.416701
27 0 4 12 6 4 1 37.805376 -122.437261
21 0 4 8 7 9 1 37.834574 -122.292062
23 1 3 1 0 2 0 37.796389 -122.394586
15 0 2 4 0 1 1 37.754305 -122.478593
27 1 3 6 6 2 0 37.798198 -122.447414
31 0 7 1 9 0 1 37.809369 -122.267951
27 1 7 4 19 0 0 37.774018 -122.423809
20 0 0 2 0 0 1 37.804340 -122.469775
19 1 6 3 1 7 0 37.760594 -122.414817
23 1 10 5 14 5 0 37.871719 -122.273068
19 0 1 0 2 0 1 37.778833 -122.418159
21 0 0 1 0 0 1 37.777609 -122.454622
23 0 0 1 3 0 1 37.794246 -122.402855
27 0 8 2 7 0 1 37.770030 -122.411726
19 0 10 3 14 2 1 37.817886 -122.275959
24 1 1 8 3 7 0 37.844279 -122.251900
15 0 4 5 0 12 1 37.831277 -122.278267
35 1 5 15 8 8 0 37.805442 -122.423130
19 0 5 4 6 2 1 37.817350 -122.271479
27 0 1 2 1 1 1 37.774814 -122.418954
23 0 10 4 17 5 1 37.808715 -122.249251
27 0 8 3 7 5 1 37.808702 -122.269927
44 1 3 0 11 0 0 37.769095 -122.386333
19 0 3 4 0 0 1 37.762649 -122.500778
27 0 3 1 0 0 1 37.782574 -122.442203
27 0 14 0 13 0 1 37.770282 -122.415458
15 0 4 1 2 3 1 37.849595 -122.265569
35 0 3 1 9 4 1 37.768872 -122.391109
19 0 7 1 13 1 1 37.840521 -122.293528
19 0 6 2 3 6 1 37.773752 -122.391427
23 0 2 12 2 16 1 37.866418 -122.253799
23 0 2 5 3 6 1 37.725372 -122.393954
23 0 2 8 2 3 1 37.777547 -122.433274
27 0 7 7 7 7 1 37.869060 -122.270556
25 0 8 1 7 0 1 37.767257 -122.400329
27 1 1 7 1 5 0 37.792980 -122.423302
19 1 5 4 9 5 0 37.840186 -122.261822
19 0 4 4 1 0 1 37.781929 -122.482786
31 0 3 5 1 13 1 37.795402 -122.404689
15 0 8 3 5 1 0 37.781123 -122.232991
19 0 3 3 15 0 1 37.771680 -122.422301
23 1 11 5 13 10 0 37.812250 -122.260719
19 0 6 4 4 3 1 37.760447 -122.410807
19 1 8 3 11 4 0 37.846784 -122.291376
19 0 2 7 1 0 1 37.798014 -122.405950
19 1 1 1 2 0 0 37.777934 -122.396973
23 0 1 10 3 6 1 37.802300 -122.424413
23 0 8 3 8 1 1 37.872355 -122.266447
19 0 4 2 6 8 1 37.787332 -122.388110
19 0 5 6 5 3 1 37.760278 -122.419074
23 0 8 8 9 12 1 37.826696 -122.271797
19 0 8 1 10 0 1 37.730174 -122.432896
26 0 2 1 4 4 1 37.782926 -122.387921
25 0 0 0 0 0 1 37.722818 -122.447236
39 0 4 2 1 5 1 37.780526 -122.390288
19 1 0 10 2 4 0 37.797249 -122.427457
19 0 6 6 8 5 1 37.779930 -122.217728
27 0 7 5 0 0 1 37.781841 -122.467636
19 0 8 0 7 0 1 37.778058 -122.225400
31 0 7 6 0 11 1 37.761634 -122.390648
35 0 14 1 8 2 1 37.782415 -122.400200
27 0 3 2 2 4 1 37.763934 -122.470651
19 0 3 1 4 0 1 37.767037 -122.415442
22 0 1 13 2 4 1 37.799175 -122.442729
23 1 5 5 19 2 0 37.763015 -122.426497
31 0 3 3 1 4 1 37.778799 -122.415963
13 0 1 4 2 2 1 37.746119 -122.495207
15 0 8 4 13 0 1 37.823847 -122.281193
29 0 2 2 2 0 1 37.782358 -122.393130
22 1 3 2 3 2 0 37.772219 -122.419976
35 0 1 2 4 11 1 37.788975 -122.403452
19 0 2 4 2 0 1 37.750167 -122.386542
27 0 1 10 0 3 1 37.773443 -122.427158
27 0 6 2 10 7 1 37.794525 -122.394880
19 0 6 3 16 0 1 37.769010 -122.422248
19 0 8 0 8 0 1 37.729393 -122.386537
19 0 1 13 0 13 1 37.825785 -122.253470
19 0 7 3 12 0 1 37.763333 -122.422055
27 1 4 5 4 5 0 37.804454 -122.415794
27 0 2 4 2 1 1 37.758700 -122.463774
15 0 5 3 4 4 1 37.844493 -122.261351
27 0 2 3 4 8 1 37.788300 -122.408531
19 0 7 2 3 0 1 37.816073 -122.267886
14 1 5 2 12 1 0 37.850578 -122.278175
19 0 5 1 5 0 1 37.809824 -122.280192
23 1 2 3 0 0 0 37.780720 -122.476104
15 0 3 2 5 0 0 37.775232 -122.224498
23 0 3 1 1 1 1 37.748628 -122.481541
27 1 2 7 2 12 0 37.791966 -122.429315
23 0 2 6 0 4 1 37.785111 -122.477667
19 1 1 1 7 8 0 37.789630 -122.390335
19 0 6 1 8 1 1 37.768807 -122.413498
19 0 3 1 2 1 1 37.798572 -122.400869
19 0 1 6 1 0 0 37.764285 -122.431804
19 0 1 5 0 2 1 37.751636 -122.426394
27 0 3 4 0 2 1 37.763434 -122.464063
15 0 2 6 3 5 1 37.785192 -122.234382
15 0 3 1 0 1 1 37.730079 -122.398804
19 0 1 7 0 0 1 37.750725 -122.434022
23 0 1 2 0 14 1 37.779047 -122.447291
23 0 3 7 3 5 1 37.837369 -122.267656
27 0 4 2 0 0 0 37.783521 -122.431158
23 0 3 4 7 5 0 37.812581 -122.268573
23 0 6 3 1 1 0 37.751792 -122.405216
23 0 4 2 6 0 0 37.726296 -122.464417
27 0 9 4 8 0 0 37.800516 -122.272080
27 1 12 2 8 3 0 37.800754 -122.274894
18 0 0 7 0 4 0 37.775522 -122.498498
27 0 5 5 2 7 0 37.766614 -122.464211
31 0 5 4 7 5 0 37.783813 -122.434559
20 0 4 3 3 7 0 37.751992 -122.418980
23 0 7 2 10 4 0 37.822468 -122.265971
39 0 1 1 14 8 0 37.790548 -122.400605
24 0 4 7 0 1 0 37.782439 -122.465377
19 0 1 4 0 1 0 37.775328 -122.458104
23 0 5 5 7 13 0 37.752428 -122.420628
31 0 6 1 7 2 0 37.776619 -122.417385
15 1 6 3 7 7 0 37.869727 -122.279389
27 0 7 2 0 4 0 37.780265 -122.406644
23 0 2 7 8 7 0 37.765942 -122.449228
13 0 1 2 1 2 0 37.722601 -122.392270
19 0 10 1 15 0 0 37.826286 -122.265100
27 0 15 2 17 3 0 37.801319 -122.262642
15 0 1 0 1 3 0 37.793530 -122.396472
15 0 1 5 2 8 0 37.761047 -122.432642
27 1 3 14 4 17 0 37.796248 -122.279352
27 0 2 10 0 4 0 37.775946 -122.437777
29 0 3 1 4 5 0 37.792251 -122.397086
20 1 0 0 0 0 0 37.769925 -122.484600
5 0 0 0 0 0 0 37.724914 -122.461483
2 0 0 0 0 0 0 37.740507 -122.466365
3 0 0 0 0 0 0 37.743005 -122.479359
10 0 0 0 0 0 0 37.764869 -122.500498
5 0 0 0 0 0 0 37.724407 -122.458769
4 0 0 0 0 0 0 37.748177 -122.459199
20 0 0 0 0 0 0 37.770860 -122.489971
5 0 0 0 0 0 0 37.767820 -122.501868
16 0 0 0 0 0 0 37.769950 -122.481653
5 1 0 0 0 0 0 37.742668 -122.483427
6 0 0 0 0 0 0 37.735322 -122.505319
10 0 0 0 0 0 0 37.748964 -122.457104
4 0 0 0 0 0 0 37.742093 -122.498529
8 0 0 0 0 0 0 37.770938 -122.477116
5 0 0 0 0 0 0 37.768730 -122.459429
4 0 0 0 0 0 0 37.738001 -122.506297
