SW 914 0 17694 5528 407 69 472 -291 2950 575
0 43.652820 -79.377290
47 0 24 0 26 0 1 43.639832 -79.395954
23 0 2 9 0 7 1 43.664964 -79.383550
19 0 2 0 7 0 1 43.667131 -79.399555
15 0 1 0 9 0 1 43.667018 -79.402796
31 0 6 1 8 0 1 43.660439 -79.385525
13 0 2 0 2 1 1 43.658148 -79.398167
18 0 3 1 2 0 1 43.663376 -79.392125
25 0 13 0 5 0 1 43.650325 -79.372287
15 0 3 0 3 0 1 43.656026 -79.385327
19 0 12 0 11 0 1 43.646597 -79.375309
17 0 4 0 3 0 1 43.663102 -79.373181
38 0 6 4 1 1 1 43.648520 -79.380576
35 0 18 1 10 0 1 43.640978 -79.376785
12 0 1 0 0 0 1 43.647548 -79.391552
49 0 22 1 14 0 1 43.641529 -79.386741
55 0 8 3 6 0 1 43.650945 -79.379498
33 0 12 0 5 0 1 43.650033 -79.396555
63 0 17 1 9 0 1 43.653264 -79.382458
39 0 12 0 3 0 1 43.650490 -79.387300
11 0 1 0 3 0 1 43.657100 -79.405600
39 0 12 3 17 0 1 43.666630 -79.381480
23 0 4 1 0 0 1 43.671293 -79.380471
15 0 1 0 1 0 1 43.665527 -79.387499
31 0 8 0 17 0 1 43.652823 -79.393388
29 0 8 0 15 0 1 43.658200 -79.376800
15 0 2 2 4 0 1 43.669430 -79.389150
35 0 12 3 1 0 1 43.664088 -79.387095
23 0 5 1 0 0 1 43.668991 -79.379385
15 0 4 0 3 0 1 43.652473 -79.401456
15 0 2 1 4 1 0 43.671389 -79.382919
31 0 22 0 27 0 1 43.643975 -79.419576
19 0 13 0 16 0 1 43.651318 -79.360230
27 0 10 0 23 0 1 43.651892 -79.405779
31 0 10 0 4 0 1 43.656094 -79.381484
20 0 2 0 3 0 1 43.652327 -79.388254
19 0 5 1 9 0 1 43.664467 -79.414783
23 0 3 0 2 0 1 43.656729 -79.382736
31 0 8 2 10 0 1 43.667300 -79.374000
19 0 8 0 0 0 1 43.639510 -79.383717
35 0 9 2 6 0 1 43.663722 -79.380288
37 0 17 2 17 0 1 43.653236 -79.376716
42 0 30 0 36 0 1 43.645340 -79.409597
25 0 6 3 4 1 1 43.657763 -79.389165
47 0 24 1 4 3 1 43.646144 -79.377962
15 0 7 0 8 0 1 43.647600 -79.401500
16 0 2 4 2 2 1 43.652634 -79.374222
55 0 25 3 23 0 1 43.647259 -79.379878
27 0 11 0 13 0 1 43.645859 -79.387830
11 0 1 0 0 0 0 43.640722 -79.391051
15 0 4 0 5 0 1 43.662070 -79.376170
27 0 13 1 4 1 1 43.645857 -79.385365
15 0 3 0 2 1 1 43.643473 -79.390477
15 0 2 0 3 0 1 43.666294 -79.406643
23 0 3 1 7 0 1 43.668456 -79.393899
19 0 14 0 16 0 1 43.652169 -79.362841
15 0 7 0 10 0 1 43.659575 -79.365769
15 0 2 0 7 0 1 43.662085 -79.397735
22 0 17 0 15 2 1 43.683069 -79.279682
11 0 4 0 2 0 1 43.649147 -79.395504
11 0 6 0 3 0 1 43.643667 -79.380414
23 0 7 1 18 0 1 43.666233 -79.373327
23 0 9 0 2 0 1 43.640114 -79.393249
27 0 5 8 0 4 1 43.636533 -79.395854
57 0 30 1 18 0 1 43.640132 -79.380464
19 0 3 0 0 0 1 43.659457 -79.382365
15 0 3 1 7 1 1 43.657600 -79.403200
19 0 3 0 4 0 1 43.660694 -79.379052
15 0 2 1 4 1 1 43.688325 -79.300463
11 0 2 0 3 0 1 43.645599 -79.465712
15 0 2 2 7 2 1 43.687323 -79.304848
23 0 1 1 1 0 1 43.651922 -79.465693
11 0 3 0 6 0 0 43.684758 -79.316767
15 0 6 1 2 0 0 43.683378 -79.322961
27 0 9 1 3 0 0 43.662712 -79.379903
19 0 4 2 1 0 0 43.681991 -79.329455
15 0 4 1 1 0 0 43.681114 -79.337389
25 0 9 2 1 0 0 43.678401 -79.346289
25 0 1 13 1 2 0 43.678483 -79.351356
14 0 3 1 1 1 0 43.677076 -79.356670
19 0 5 0 5 0 0 43.702727 -79.333681
15 0 3 0 4 0 0 43.671172 -79.354704
15 0 7 0 6 0 0 43.667819 -79.353470
27 0 13 0 11 0 0 43.660207 -79.361275
27 0 15 0 22 0 0 43.648655 -79.367061
31 0 9 0 0 0 0 43.648711 -79.389728
15 0 8 0 5 0 0 43.660560 -79.343766
15 0 4 0 10 0 0 43.656785 -79.356274
15 0 6 0 11 0 0 43.656111 -79.361389
27 0 21 0 15 0 0 43.652219 -79.354455
15 0 5 0 6 0 0 43.650279 -79.356832
15 0 6 0 11 0 0 43.652686 -79.358395
15 0 7 0 14 0 0 43.655278 -79.365833
11 0 3 0 2 0 0 43.640885 -79.416379
19 0 14 0 13 0 0 43.637981 -79.424146
15 0 4 0 1 0 0 43.665278 -79.368333
27 0 11 0 9 0 0 43.664524 -79.367930
31 0 6 3 0 0 0 43.671258 -79.376367
19 0 2 0 3 0 0 43.671946 -79.372451
19 0 2 1 0 0 0 43.674689 -79.367020
19 0 7 1 6 0 0 43.648575 -79.380042
15 0 4 0 2 0 0 43.665867 -79.362506
11 0 5 0 5 0 0 43.663993 -79.358534
27 0 9 0 7 0 0 43.657266 -79.374756
15 0 6 0 3 0 0 43.641389 -79.404444
15 0 7 0 7 0 0 43.643834 -79.396649
19 0 13 0 12 0 0 43.662365 -79.351104
17 0 1 0 2 0 0 43.671944 -79.387778
15 0 1 0 8 0 0 43.672152 -79.390180
23 0 4 1 7 0 0 43.675492 -79.388858
11 0 1 0 2 0 0 43.674991 -79.396273
15 0 1 0 4 0 0 43.674446 -79.398331
15 0 1 0 8 0 0 43.669860 -79.398443
9 0 1 0 3 1 0 43.670318 -79.405181
32 0 20 0 30 0 0 43.638609 -79.419654
15 0 0 0 1 0 0 43.676667 -79.416111
27 0 1 2 2 1 0 43.675278 -79.423889
15 0 0 0 0 0 0 43.677778 -79.405556
15 0 1 0 1 0 0 43.675791 -79.406980
15 0 1 1 1 0 0 43.675556 -79.410278
15 0 1 0 2 0 0 43.674444 -79.414722
15 0 1 1 3 0 0 43.671513 -79.408317
15 0 1 0 1 0 0 43.671389 -79.416389
19 0 0 1 0 0 0 43.680000 -79.425000
15 0 12 0 13 0 0 43.639444 -79.425278
23 0 17 0 18 0 0 43.639444 -79.423611
11 0 1 0 9 0 0 43.670000 -79.420833
19 0 6 0 8 0 0 43.655556 -79.433611
19 0 3 1 14 0 0 43.668611 -79.420278
19 0 4 0 3 0 0 43.663889 -79.418889
23 0 4 0 10 0 0 43.666667 -79.411667
19 0 2 0 8 2 0 43.663808 -79.410491
15 0 1 0 0 0 0 43.660833 -79.431667
22 0 3 3 5 1 0 43.660833 -79.435833
15 0 7 0 10 0 0 43.642222 -79.411111
19 0 7 0 7 0 0 43.643333 -79.405556
23 0 2 1 1 0 0 43.657500 -79.395278
23 0 5 0 4 0 0 43.659167 -79.385556
23 0 5 0 3 0 0 43.657424 -79.381019
46 0 26 1 18 0 0 43.641646 -79.375308
11 0 7 0 8 1 0 43.646162 -79.378912
15 0 1 0 5 0 0 43.661667 -79.401389
27 0 12 0 11 0 0 43.632244 -79.410810
19 0 11 0 18 0 0 43.635000 -79.408889
19 0 2 1 13 3 0 43.666667 -79.458333
15 0 3 1 6 0 0 43.656389 -79.451667
27 0 16 0 21 0 0 43.637960 -79.387502
19 0 8 0 13 0 0 43.639179 -79.399595
15 0 2 1 2 0 0 43.657192 -79.452559
23 0 5 4 4 5 0 43.659229 -79.443209
15 0 3 1 1 0 0 43.653889 -79.441389
19 0 3 1 0 1 0 43.650833 -79.443056
15 0 4 0 7 0 0 43.651238 -79.438680
15 0 9 0 9 0 0 43.637695 -79.420232
15 0 4 0 3 0 0 43.653766 -79.401676
15 0 2 0 2 0 0 43.663740 -79.398064
11 0 1 0 1 0 0 43.661975 -79.407896
15 0 3 0 3 1 0 43.660414 -79.415646
15 0 11 0 15 0 0 43.643097 -79.428756
23 0 10 3 4 0 0 43.690564 -79.326319
11 0 1 0 3 0 0 43.660000 -79.408889
11 0 2 0 7 0 0 43.659050 -79.422988
11 0 4 0 2 0 0 43.643860 -79.422757
19 0 12 0 18 0 0 43.640897 -79.432836
19 0 2 0 12 0 0 43.656389 -79.409167
34 0 25 0 32 0 0 43.635492 -79.398253
19 0 4 0 2 0 0 43.655000 -79.418889
15 0 5 0 12 0 0 43.652778 -79.429722
13 0 4 0 9 0 0 43.651281 -79.411717
47 0 23 1 34 0 0 43.649722 -79.416944
15 0 2 0 7 0 0 43.656296 -79.414663
19 0 7 0 2 0 0 43.651111 -79.421389
15 0 5 0 7 0 0 43.647500 -79.433056
15 0 5 0 7 0 0 43.637381 -79.406112
23 0 8 0 14 0 0 43.640996 -79.409666
14 0 5 0 1 0 0 43.649650 -79.393721
19 0 15 0 13 0 0 43.635932 -79.465083
11 0 2 0 1 0 0 43.654360 -79.465530
27 0 19 0 14 0 0 43.637894 -79.454823
12 0 4 0 3 0 0 43.654501 -79.460053
23 0 3 1 3 1 0 43.653527 -79.465057
19 0 12 0 16 0 0 43.634896 -79.467763
19 0 10 0 12 0 0 43.636731 -79.444966
31 0 13 0 9 0 0 43.631400 -79.430400
19 0 12 0 8 0 0 43.637296 -79.442324
12 0 2 0 9 0 0 43.653427 -79.451279
19 0 12 0 13 2 0 43.643769 -79.447915
18 0 8 0 15 0 0 43.646677 -79.442741
16 0 10 0 14 0 0 43.640255 -79.439223
16 0 8 0 13 0 0 43.637922 -79.431734
19 0 5 0 15 0 0 43.650492 -79.450842
16 0 2 0 3 1 0 43.660087 -79.385655
24 0 16 0 10 0 0 43.659471 -79.350325
15 0 2 0 3 0 0 43.662857 -79.446180
16 0 5 0 10 1 0 43.649172 -79.444509
42 0 15 5 21 0 0 43.663912 -79.416124
34 0 10 4 16 1 0 43.662403 -79.423098
35 0 8 1 18 0 0 43.630254 -79.420317
14 0 4 1 3 0 0 43.635201 -79.418771
16 0 7 0 5 0 0 43.633473 -79.425679
19 0 3 1 0 1 0 43.669969 -79.386532
12 0 2 0 4 0 0 43.652100 -79.448600
20 0 4 0 6 0 0 43.654905 -79.398448
51 0 3 31 1 5 0 43.651145 -79.423742
16 0 1 0 6 0 0 43.660296 -79.397107
18 0 2 0 9 0 0 43.665846 -79.404998
12 0 3 0 0 1 0 43.646100 -79.389500
12 0 3 0 7 0 0 43.648437 -79.398380
19 0 4 0 1 0 0 43.654517 -79.389532
15 0 11 0 9 0 0 43.662663 -79.332370
19 0 11 0 12 0 0 43.638497 -79.391920
15 0 5 0 3 0 0 43.647202 -79.395339
24 0 17 0 19 0 0 43.645215 -79.364898
16 0 0 1 0 0 0 43.680916 -79.422968
20 0 2 1 0 1 0 43.671535 -79.379173
12 0 1 0 0 0 0 43.661324 -79.449534
15 0 5 0 6 0 0 43.658295 -79.372346
16 0 5 0 2 0 0 43.656927 -79.378497
20 0 7 1 9 0 0 43.655431 -79.380653
20 0 5 0 4 0 0 43.657024 -79.377257
18 0 3 0 0 0 0 43.662862 -79.383572
11 0 1 0 0 1 0 43.665801 -79.384796
20 0 3 1 0 1 0 43.668153 -79.388910
16 0 3 0 5 1 0 43.661803 -79.389682
11 0 2 0 1 0 0 43.669811 -79.388011
20 0 1 0 0 0 0 43.685600 -79.371800
16 0 11 0 12 0 0 43.665870 -79.334430
16 0 0 0 1 0 0 43.687999 -79.389060
20 0 2 0 0 0 0 43.669604 -79.381171
24 0 5 1 0 0 0 43.668427 -79.387250
23 0 11 1 1 0 0 43.650152 -79.379856
19 0 6 1 4 0 0 43.645950 -79.378761
24 0 7 0 3 0 0 43.647779 -79.384793
36 0 12 4 15 5 0 43.662923 -79.401845
18 0 13 0 13 0 0 43.665656 -79.352055
15 0 10 0 12 0 0 43.661673 -79.337789
31 0 17 0 9 0 0 43.622443 -79.480284
23 0 12 0 3 0 0 43.630893 -79.472262
15 0 9 0 10 0 0 43.645131 -79.365364
24 0 7 0 5 0 0 43.661460 -79.378946
19 0 3 1 5 0 0 43.665327 -79.432350
19 0 4 1 9 0 0 43.657343 -79.431120
25 0 10 0 19 0 0 43.645324 -79.403450
15 0 8 0 12 0 0 43.650256 -79.361630
15 0 0 0 1 1 0 43.671420 -79.445947
11 0 1 0 2 1 0 43.674923 -79.430465
19 0 13 0 16 0 0 43.665269 -79.319796
23 0 16 0 11 0 0 43.666224 -79.317693
19 0 2 0 2 0 0 43.669576 -79.375961
11 0 2 0 3 0 0 43.668520 -79.363525
15 0 10 0 6 0 0 43.662771 -79.315223
15 0 10 0 13 0 0 43.667208 -79.312315
11 0 8 0 3 0 0 43.671349 -79.294510
15 0 10 0 4 1 0 43.672571 -79.289000
19 0 14 0 8 0 0 43.669328 -79.288949
15 0 11 0 4 0 0 43.668633 -79.291162
11 0 7 0 2 0 0 43.660206 -79.324400
19 0 11 0 4 0 0 43.645164 -79.383176
19 0 8 0 2 0 0 43.645297 -79.382791
19 0 6 0 9 0 0 43.639278 -79.411574
19 0 8 0 6 0 0 43.645209 -79.396074
23 0 6 0 1 0 0 43.645572 -79.393990
19 0 1 1 6 3 0 43.671526 -79.448740
16 0 0 1 2 1 0 43.674122 -79.435221
19 0 14 0 17 0 0 43.645665 -79.415345
19 0 7 1 4 2 0 43.695950 -79.328535
22 0 5 1 8 0 0 43.671561 -79.381170
19 0 10 0 6 0 0 43.649579 -79.376210
15 0 6 0 1 0 0 43.646218 -79.385505
19 0 3 1 11 1 0 43.669244 -79.389400
19 0 15 0 10 0 0 43.663912 -79.327987
23 0 14 0 19 0 0 43.668553 -79.338673
19 0 11 0 12 0 0 43.672027 -79.347056
15 0 4 0 5 0 0 43.675319 -79.346279
15 0 7 0 1 0 0 43.672453 -79.338259
14 0 10 0 8 0 0 43.659209 -79.334840
11 0 7 0 5 0 0 43.657991 -79.340075
23 0 17 0 18 0 0 43.667450 -79.329408
48 0 29 1 16 0 0 43.637764 -79.345359
31 0 15 0 1 0 0 43.640835 -79.342907
23 0 13 0 12 0 0 43.667214 -79.345270
15 0 0 1 1 0 0 43.673939 -79.441159
19 0 5 1 3 0 0 43.690237 -79.350119
23 0 6 2 0 0 0 43.689211 -79.354380
23 0 11 2 21 0 0 43.684865 -79.356602
19 0 6 1 16 0 0 43.678321 -79.358220
19 0 4 2 6 0 0 43.690537 -79.341307
19 0 7 1 7 0 0 43.683950 -79.347046
31 0 20 0 14 0 0 43.652227 -79.322954
15 0 1 0 2 2 0 43.704461 -79.423122
31 0 22 0 28 0 0 43.651885 -79.364900
19 0 14 0 2 1 0 43.659195 -79.329196
17 0 2 0 1 1 0 43.660387 -79.395378
23 0 1 0 0 0 0 43.682645 -79.377557
17 0 3 0 11 0 0 43.656945 -79.424911
19 0 0 1 0 0 0 43.681735 -79.418472
19 0 0 0 0 0 0 43.683296 -79.418734
15 0 0 0 2 0 0 43.683351 -79.415620
19 0 15 0 14 1 0 43.673831 -79.281455
23 0 15 0 6 1 0 43.666325 -79.301400
20 0 11 0 16 0 0 43.639052 -79.399792
15 0 10 0 13 1 0 43.644862 -79.428220
8 0 1 0 0 0 0 43.649347 -79.426680
20 0 2 0 6 0 0 43.706347 -79.401610
19 0 16 0 19 0 0 43.648725 -79.368390
11 0 7 0 6 2 0 43.647662 -79.375490
19 0 1 0 3 0 0 43.696708 -79.400450
35 0 7 1 12 0 0 43.697870 -79.394190
15 0 1 0 2 0 0 43.697597 -79.396540
15 0 2 0 4 0 0 43.691067 -79.395350
16 0 1 0 7 1 0 43.711215 -79.398940
35 0 8 2 18 0 0 43.708358 -79.398862
15 0 9 0 5 0 0 43.642564 -79.376200
9 0 2 1 9 0 0 43.670454 -79.390140
33 0 0 13 0 6 0 43.669110 -79.385510
16 0 3 0 7 0 0 43.655227 -79.392010
12 0 3 1 0 0 0 43.685167 -79.349620
15 0 3 1 11 1 0 43.677200 -79.358580
25 0 4 0 0 0 0 43.658938 -79.383518
31 0 12 0 10 1 0 43.655766 -79.380200
23 0 4 1 6 1 0 43.694341 -79.291416
19 0 12 0 13 0 0 43.641952 -79.380723
19 0 12 0 17 1 0 43.644220 -79.369270
23 0 8 1 3 0 0 43.641675 -79.354006
19 0 2 0 7 0 0 43.705470 -79.403550
19 0 1 0 8 0 0 43.709420 -79.391390
18 0 5 0 1 0 0 43.650524 -79.386727
27 0 7 2 0 0 0 43.668340 -79.382350
19 0 1 0 1 0 0 43.671278 -79.372127
23 0 12 0 15 0 0 43.635023 -79.399505
23 0 9 0 18 0 0 43.641785 -79.413115
15 0 1 1 4 0 0 43.664020 -79.464180
23 0 1 3 2 0 0 43.666860 -79.465260
30 0 9 0 1 7 0 43.641705 -79.393295
25 0 3 0 0 0 0 43.659880 -79.382790
27 0 2 1 10 0 0 43.667023 -79.401805
27 0 3 0 8 0 0 43.668420 -79.410585
16 0 8 0 8 0 0 43.638426 -79.429142
23 0 2 0 1 4 0 43.697819 -79.387860
23 0 17 0 14 0 0 43.636320 -79.473070
27 0 20 0 17 0 0 43.665645 -79.304711
15 0 1 2 1 0 0 43.686442 -79.313404
27 0 12 0 9 0 0 43.633537 -79.437461
27 0 17 0 8 0 0 43.669813 -79.333500
47 0 30 0 35 0 0 43.651118 -79.369411
16 0 8 0 5 0 0 43.663148 -79.347938
39 0 1 23 0 13 0 43.676650 -79.445030
10 0 0 0 0 0 0 43.681140 -79.427700
15 0 2 1 2 0 0 43.661890 -79.426790
19 0 2 1 0 1 0 43.653890 -79.467500
22 0 2 1 0 0 0 43.657160 -79.464780
14 0 0 0 1 0 0 43.688526 -79.412903
25 0 9 0 13 0 0 43.657477 -79.373446
20 0 1 0 0 0 0 43.660730 -79.471490
19 0 14 0 18 0 0 43.673118 -79.318651
19 0 14 0 2 1 0 43.669080 -79.314900
23 0 3 1 1 0 0 43.689293 -79.295895
19 0 5 0 5 1 0 43.694826 -79.295208
15 0 4 1 1 1 0 43.697139 -79.314690
15 0 2 0 4 0 0 43.678285 -79.347346
29 0 15 0 24 0 0 43.640075 -79.414156
23 0 5 1 2 0 0 43.669232 -79.374495
17 0 2 0 5 0 0 43.664769 -79.377260
15 0 8 0 8 0 0 43.688148 -79.362101
27 0 3 0 9 0 0 43.715951 -79.351246
23 0 2 0 0 0 0 43.665221 -79.394009
17 0 8 0 3 0 0 43.651678 -79.375233
11 0 0 0 0 0 0 43.680466 -79.432522
27 0 2 2 0 0 0 43.650154 -79.464934
23 0 3 0 7 4 0 43.646251 -79.464720
17 0 10 0 12 0 0 43.651838 -79.378743
19 0 1 0 0 0 0 43.685569 -79.408019
19 0 3 2 3 1 0 43.651820 -79.474210
15 0 8 1 9 1 0 43.642830 -79.384090
22 0 10 0 6 0 0 43.646734 -79.383010
15 0 8 1 4 1 0 43.618680 -79.486740
15 0 5 0 6 0 0 43.643253 -79.412305
23 0 10 0 1 0 0 43.644070 -79.392900
19 0 7 0 14 0 0 43.652777 -79.372637
15 0 1 1 0 0 0 43.665538 -79.451263
20 0 2 2 3 1 0 43.664182 -79.449066
19 0 14 0 14 0 0 43.638550 -79.466930
15 0 2 1 0 0 0 43.649760 -79.484770
14 0 3 1 3 0 0 43.651430 -79.477790
12 0 4 0 0 0 0 43.678685 -79.297974
16 0 1 0 1 0 0 43.713524 -79.400162
13 0 2 0 2 0 0 43.716652 -79.399993
22 0 4 2 1 0 0 43.684261 -79.299332
14 0 10 0 6 0 0 43.676216 -79.309395
10 0 0 0 4 0 0 43.685924 -79.376304
19 0 9 0 18 0 0 43.656638 -79.358749
15 0 6 0 2 0 0 43.648270 -79.356517
12 0 7 0 10 0 0 43.653809 -79.359500
12 0 1 0 5 2 0 43.673768 -79.391253
19 0 14 1 16 1 0 43.639700 -79.448650
20 0 4 1 1 0 0 43.654004 -79.444792
20 0 2 1 5 0 0 43.659170 -79.469970
20 0 8 2 12 2 0 43.659950 -79.389640
20 0 3 0 0 0 0 43.685221 -79.294766
16 0 9 0 12 0 0 43.686962 -79.286864
19 0 9 0 10 0 0 43.653505 -79.366769
12 0 6 0 6 0 0 43.653359 -79.365023
40 0 19 0 26 0 0 43.658816 -79.367318
63 0 36 0 5 0 0 43.626265 -79.476723
27 0 22 0 14 0 0 43.613606 -79.488354
17 0 13 0 9 0 0 43.614669 -79.487315
23 0 17 0 17 0 0 43.639044 -79.476011
26 0 15 0 15 0 0 43.637710 -79.458173
19 0 0 0 4 2 0 43.688271 -79.439378
15 0 6 0 5 0 0 43.648660 -79.437641
23 0 4 2 0 1 0 43.658739 -79.440691
17 0 2 1 1 1 0 43.663226 -79.439705
15 0 8 0 12 0 0 43.638925 -79.416866
35 0 15 0 21 2 0 43.642385 -79.424028
23 0 1 2 2 0 0 43.670224 -79.436023
19 0 0 0 0 0 0 43.675648 -79.452762
17 0 0 1 7 0 0 43.678830 -79.408723
15 0 1 0 0 0 0 43.670440 -79.453285
22 0 3 0 3 0 0 43.675273 -79.377846
20 0 1 0 0 0 0 43.670206 -79.402643
27 0 14 0 20 0 0 43.638110 -79.397877
15 0 8 0 4 0 0 43.645469 -79.411084
23 0 8 0 13 0 0 43.651603 -79.408346
16 0 2 0 5 0 0 43.661559 -79.413845
19 0 0 0 6 0 0 43.688282 -79.425386
19 0 2 0 7 1 0 43.699330 -79.391990
19 0 2 0 7 0 0 43.688710 -79.392640
20 0 6 0 17 0 0 43.652460 -79.413528
23 0 10 0 1 0 0 43.650077 -79.391291
15 0 7 1 13 0 0 43.654842 -79.403512
15 0 3 0 3 0 0 43.656076 -79.393259
18 0 1 0 1 0 0 43.656825 -79.396616
15 0 4 1 11 1 0 43.658044 -79.392740
20 0 2 0 13 1 0 43.665880 -79.387610
47 0 15 3 17 0 0 43.666051 -79.374161
15 0 10 0 12 0 0 43.649709 -79.364184
19 0 13 0 14 0 0 43.592742 -79.540330
19 0 8 0 4 0 0 43.597082 -79.522768
27 0 19 0 17 0 0 43.596169 -79.516058
20 0 13 0 2 0 0 43.612063 -79.496573
31 0 11 1 5 0 0 43.617163 -79.497107
23 0 19 0 20 0 0 43.630874 -79.482407
19 0 10 1 17 1 0 43.637320 -79.489083
15 0 5 1 0 0 0 43.643804 -79.477033
15 0 2 2 9 1 0 43.658574 -79.487246
23 0 1 1 0 0 0 43.664665 -79.489385
19 0 2 1 2 1 0 43.668496 -79.485426
23 0 1 1 1 0 0 43.665523 -79.484892
23 0 0 5 2 0 0 43.672079 -79.470171
19 0 1 0 1 0 0 43.673019 -79.467994
27 0 3 0 0 0 0 43.698841 -79.519472
26 0 15 0 25 0 0 43.639850 -79.437030
47 0 24 1 38 0 0 43.632399 -79.409782
17 0 5 0 4 0 0 43.665076 -79.341509
19 0 14 0 9 0 0 43.671771 -79.324961
15 0 3 1 0 0 0 43.693548 -79.330166
15 0 5 0 4 0 0 43.654852 -79.353977
22 0 11 0 10 0 0 43.653500 -79.354068
27 0 15 0 22 0 0 43.661791 -79.361515
15 0 1 0 7 0 0 43.702967 -79.397907
15 0 2 1 6 0 0 43.665303 -79.470118
16 0 0 0 0 0 0 43.690903 -79.437503
22 0 1 0 4 0 0 43.683470 -79.510894
27 0 1 0 1 0 0 43.769626 -79.502594
27 0 1 0 5 0 0 43.764148 -79.501281
23 0 0 0 2 0 0 43.765210 -79.491281
19 0 1 0 4 0 0 43.772402 -79.467540
19 0 1 0 7 0 0 43.778112 -79.467963
15 0 2 0 5 0 0 43.779530 -79.452330
23 0 1 0 3 0 0 43.777437 -79.444710
23 0 0 0 0 1 0 43.707049 -79.409660
27 0 3 0 8 0 0 43.711751 -79.378615
15 0 2 0 2 1 0 43.707045 -79.375437
15 0 1 0 1 0 0 43.693256 -79.383238
32 0 14 1 8 0 0 43.680022 -79.340568
15 0 2 0 5 0 0 43.732016 -79.403637
15 0 1 0 7 0 0 43.732975 -79.404010
17 0 8 1 6 0 0 43.650745 -79.383633
20 0 3 0 2 1 0 43.660274 -79.398049
24 0 9 1 11 0 0 43.683884 -79.366470
19 0 2 0 5 1 0 43.699281 -79.318802
14 0 2 1 2 0 0 43.707582 -79.311439
19 0 4 1 3 2 0 43.705670 -79.310554
20 0 2 1 3 0 0 43.694135 -79.300587
19 0 14 0 9 1 0 43.696631 -79.297436
19 0 13 0 10 0 0 43.676590 -79.316302
27 0 5 0 11 0 0 43.720645 -79.355474
27 0 5 0 4 0 0 43.720233 -79.362092
15 0 6 1 3 5 0 43.680095 -79.291714
19 0 5 1 3 1 0 43.691468 -79.288619
19 0 14 0 3 0 0 43.747854 -79.199327
19 0 3 0 2 0 0 43.756168 -79.202669
23 0 5 0 8 0 0 43.779353 -79.193023
19 0 11 0 12 0 0 43.777711 -79.165971
19 0 12 0 15 0 0 43.778015 -79.131911
19 0 11 0 6 0 0 43.788525 -79.123184
19 0 0 1 1 2 0 43.692682 -79.441042
15 0 0 0 0 0 0 43.704196 -79.409447
31 0 4 0 7 2 0 43.707869 -79.392480
23 0 12 0 17 1 0 43.588077 -79.543207
19 0 15 0 7 0 0 43.602990 -79.492687
11 0 3 0 0 0 0 43.754978 -79.197129
23 0 2 0 1 0 0 43.725467 -79.401154
25 0 11 0 10 0 0 43.780550 -79.130120
15 0 2 0 2 0 0 43.667076 -79.425116
15 0 8 0 3 0 0 43.662540 -79.503016
23 0 17 0 5 1 0 43.600290 -79.510869
17 0 0 0 0 0 0 43.700402 -79.427531
15 0 2 0 4 1 0 43.659630 -79.479918
23 0 3 3 6 2 0 43.647663 -79.487583
19 0 8 1 4 0 0 43.616272 -79.499036
16 0 9 0 13 0 0 43.639971 -79.399404
15 0 0 0 1 0 0 43.683979 -79.410657
15 0 2 1 3 1 0 43.664117 -79.458852
19 0 3 1 2 1 0 43.688505 -79.394161
19 0 0 0 2 0 0 43.695449 -79.402618
15 0 2 1 7 0 0 43.685081 -79.314990
16 0 2 0 3 0 0 43.784242 -79.184989
14 0 4 0 1 0 0 43.649819 -79.386413
17 0 4 1 11 0 0 43.656373 -79.387810
23 0 0 0 4 0 0 43.686352 -79.415894
7 0 1 0 1 0 0 43.654124 -79.463639
15 0 4 1 0 0 0 43.680207 -79.339243
11 0 1 0 0 0 0 43.658988 -79.438715
20 0 4 5 0 1 0 43.646993 -79.370666
27 0 12 0 11 0 0 43.649204 -79.493363
19 0 3 2 2 0 0 43.685613 -79.311683
39 0 11 0 1 1 0 43.656633 -79.379625
19 0 11 0 16 0 0 43.639311 -79.440814
17 0 2 1 8 0 0 43.718039 -79.371914
15 0 4 1 5 1 0 43.722680 -79.376440
11 0 2 1 8 2 0 43.720998 -79.377456
26 0 4 1 0 0 0 43.650422 -79.440765
35 0 8 3 26 0 0 43.664028 -79.402979
20 0 2 4 2 7 0 43.655103 -79.389295
12 0 1 0 3 0 0 43.709609 -79.399151
15 0 4 0 8 0 0 43.649570 -79.432446
16 0 2 0 5 0 0 43.727365 -79.381425
16 0 0 0 0 0 0 43.684618 -79.392459
16 0 0 0 0 2 0 43.773450 -79.500200
15 0 0 0 0 3 0 43.774100 -79.500500
19 0 5 0 2 0 0 43.633352 -79.414363
24 0 8 3 3 0 0 43.654484 -79.341057
35 0 18 0 11 0 0 43.641348 -79.401388
23 0 14 0 9 0 0 43.642150 -79.377000
22 0 8 0 1 0 0 43.645102 -79.397450
14 0 11 0 11 0 0 43.647821 -79.370472
10 0 1 0 0 0 0 43.660202 -79.434273
19 0 3 1 12 0 0 43.671680 -79.421192
26 0 4 12 3 3 0 43.670069 -79.297133
19 0 5 1 8 0 0 43.706466 -79.295110
19 0 13 0 5 0 0 43.667763 -79.308117
19 0 12 0 12 0 0 43.675081 -79.306870
15 0 0 0 0 0 0 43.678177 -79.435364
15 0 0 0 0 0 0 43.680050 -79.434690
19 0 9 0 15 0 0 43.646314 -79.448794
18 0 4 5 2 1 0 43.659348 -79.349937
19 0 8 0 11 0 0 43.661364 -79.364117
19 0 13 0 10 0 0 43.662366 -79.341334
27 0 12 0 8 0 0 43.679135 -79.326316
19 0 10 0 16 0 0 43.635007 -79.403341
28 0 0 15 0 8 0 43.686868 -79.311094
23 0 2 0 9 0 0 43.696230 -79.395043
18 0 0 5 2 2 0 43.667725 -79.404137
15 0 5 0 13 0 0 43.655479 -79.430246
22 0 15 0 20 0 0 43.644246 -79.416104
23 0 9 1 7 0 0 43.650600 -79.381285
11 0 2 1 3 0 0 43.693187 -79.314283
19 0 13 0 5 0 0 43.646925 -79.373319
11 0 3 0 3 0 0 43.642579 -79.400117
11 0 2 0 1 0 0 43.646552 -79.399586
28 0 14 0 18 0 0 43.648420 -79.400519
32 0 12 0 19 0 0 43.644395 -79.400654
11 0 1 0 0 0 0 43.646357 -79.391206
15 0 1 0 1 0 0 43.668234 -79.370264
19 0 3 1 5 0 0 43.658550 -79.449766
44 0 1 27 0 16 0 43.650164 -79.482969
43 0 4 26 1 9 0 43.636710 -79.408805
15 0 8 0 3 0 0 43.680350 -79.283570
15 0 6 0 13 0 0 43.688241 -79.270466
15 0 2 1 4 1 0 43.692948 -79.283400
15 0 1 1 4 1 0 43.695019 -79.271807
15 0 3 0 12 0 0 43.691688 -79.265027
15 0 2 0 5 0 0 43.694013 -79.262572
15 0 2 0 8 1 0 43.697490 -79.256551
15 0 1 0 7 0 0 43.702419 -79.256317
15 0 2 1 0 0 0 43.706436 -79.251044
15 0 1 1 0 0 0 43.710597 -79.254118
15 0 3 0 8 1 0 43.648657 -79.458111
19 0 1 0 0 0 0 43.694150 -79.457826
19 0 0 0 0 0 0 43.692547 -79.463328
23 0 0 1 1 1 0 43.683230 -79.455765
15 0 1 0 2 0 0 43.688028 -79.460265
19 0 0 0 0 0 0 43.701630 -79.440990
15 0 0 0 0 1 0 43.695032 -79.453030
19 0 5 0 1 0 0 43.650169 -79.496335
15 0 1 0 3 1 0 43.649200 -79.506020
15 0 2 0 1 0 0 43.689766 -79.293953
15 0 2 0 6 0 0 43.648170 -79.510392
23 0 17 0 14 0 0 43.635764 -79.467492
15 0 7 0 3 0 0 43.623692 -79.483813
15 0 0 0 1 0 0 43.699327 -79.449363
15 0 5 0 10 1 0 43.636052 -79.493252
19 0 0 0 1 0 0 43.761174 -79.511445
19 0 4 0 4 0 0 43.643025 -79.394301
19 0 1 0 1 0 0 43.760362 -79.516278
15 0 0 0 0 1 0 43.772445 -79.511912
15 0 5 0 4 0 0 43.655972 -79.370638
13 0 1 0 2 0 0 43.659153 -79.394795
15 0 1 0 4 0 0 43.665268 -79.475021
14 0 2 0 1 2 0 43.665541 -79.410103
11 0 0 0 0 2 0 43.776490 -79.508536
14 0 5 0 4 0 0 43.653518 -79.385911
15 0 7 0 12 0 0 43.591410 -79.544182
23 0 7 0 1 0 0 43.650828 -79.396981
11 0 1 0 3 1 0 43.673927 -79.460685
15 0 6 0 0 0 0 43.647508 -79.386044
14 0 5 0 6 0 0 43.715132 -79.334136
15 0 8 0 14 0 0 43.716497 -79.330894
11 0 4 0 2 0 0 43.715538 -79.328114
19 0 4 0 4 0 0 43.719633 -79.332000
15 0 3 0 12 1 0 43.704004 -79.348070
11 0 1 0 2 0 0 43.705183 -79.342247
15 0 2 0 2 0 0 43.705875 -79.368006
16 0 0 0 0 0 0 43.700882 -79.387360
14 0 0 0 3 0 0 43.686889 -79.400995
20 0 0 0 0 0 0 43.753107 -79.479626
20 0 0 0 2 0 0 43.747964 -79.475212
17 0 5 0 7 0 0 43.736738 -79.482272
16 0 2 0 0 0 0 43.749450 -79.486966
31 0 22 0 22 1 0 43.637371 -79.389770
23 0 0 11 0 6 0 43.706328 -79.396250
17 0 6 0 9 0 0 43.639125 -79.414232
15 0 5 0 4 0 0 43.645702 -79.419332
15 0 7 0 14 0 0 43.643141 -79.427280
15 0 9 0 4 0 0 43.641017 -79.380359
18 0 7 0 10 0 0 43.661152 -79.358505
15 0 5 0 3 0 0 43.659296 -79.358035
15 0 5 0 1 0 0 43.693622 -79.277105
19 0 2 0 8 0 0 43.727041 -79.243914
15 0 2 0 2 0 0 43.735967 -79.219952
12 0 6 0 3 0 0 43.637358 -79.436180
19 0 4 0 0 1 0 43.715466 -79.287660
12 0 6 0 5 1 0 43.642904 -79.437461
19 0 5 0 4 0 0 43.697356 -79.285287
15 0 0 1 0 1 0 43.706880 -79.268510
15 0 0 0 0 0 0 43.711763 -79.270282
15 0 1 0 1 1 0 43.711044 -79.291273
19 0 3 0 2 0 0 43.703211 -79.278715
15 0 2 1 7 0 0 43.669822 -79.394446
19 0 2 0 4 1 0 43.712858 -79.248709
19 0 7 0 6 0 0 43.732328 -79.224966
23 0 4 0 12 0 0 43.696275 -79.396294
15 0 5 0 8 0 0 43.726902 -79.229204
15 0 1 1 5 1 0 43.677944 -79.398363
55 0 10 0 8 0 0 43.655351 -79.383460
15 0 4 0 5 0 0 43.641256 -79.415030
19 0 3 0 7 0 0 43.704310 -79.397282
15 0 0 0 1 0 0 43.697112 -79.405373
15 0 0 7 2 1 0 43.683708 -79.322625
20 0 10 0 16 0 0 43.642992 -79.423559
19 0 14 0 16 0 0 43.657275 -79.326615
11 0 3 1 0 1 0 43.686987 -79.334782
19 0 1 0 1 1 0 43.711611 -79.280556
14 0 3 0 1 0 0 43.745311 -79.209707
15 0 8 0 1 0 0 43.670369 -79.327827
15 0 5 1 2 0 0 43.679868 -79.334246
11 0 1 0 1 0 0 43.716020 -79.304709
15 0 3 1 1 0 0 43.711016 -79.306757
15 0 0 0 3 0 0 43.707518 -79.302521
18 0 1 0 1 0 0 43.717679 -79.299616
19 0 1 0 1 0 0 43.781877 -79.415285
15 0 0 0 0 0 0 43.709258 -79.441691
15 0 0 0 0 0 0 43.708210 -79.456278
19 0 1 0 0 0 0 43.707564 -79.465715
19 0 0 0 1 0 0 43.684020 -79.452979
19 0 10 0 10 0 0 43.766664 -79.185218
19 0 12 0 7 0 0 43.620526 -79.483202
11 0 6 0 1 0 0 43.598419 -79.515611
15 0 1 1 4 0 0 43.645389 -79.527682
15 0 2 1 0 0 0 43.645659 -79.523399
11 0 5 0 8 0 0 43.594458 -79.533874
15 0 7 0 10 1 0 43.626493 -79.503582
15 0 9 0 6 0 0 43.601915 -79.499419
15 0 10 0 9 0 0 43.601162 -79.504160
15 0 3 1 10 0 0 43.642852 -79.531995
23 0 11 0 19 0 0 43.662736 -79.362531
15 0 0 0 0 0 0 43.707356 -79.437231
16 0 3 0 5 0 0 43.646015 -79.399605
15 0 1 0 10 0 0 43.698707 -79.475659
23 0 0 1 2 1 0 43.688153 -79.482198
15 0 0 0 1 1 0 43.695498 -79.488094
19 0 1 0 1 0 0 43.674346 -79.494844
15 0 1 1 0 0 0 43.668511 -79.500765
14 0 1 0 3 0 0 43.678276 -79.506673
19 0 0 0 0 0 0 43.691439 -79.469086
23 0 0 1 3 1 0 43.681895 -79.473638
15 0 0 0 1 0 0 43.706191 -79.532628
15 0 0 0 0 0 0 43.702386 -79.525948
19 0 1 0 1 0 0 43.687355 -79.506233
15 0 0 0 0 0 0 43.691445 -79.501546
15 0 1 0 3 0 0 43.706738 -79.504775
15 0 1 0 0 0 0 43.665304 -79.399383
43 0 0 30 0 15 0 43.690746 -79.478201
23 0 2 11 0 3 0 43.659222 -79.442774
15 0 1 9 1 4 0 43.679948 -79.389948
19 0 0 0 0 0 0 43.755584 -79.474460
15 0 2 0 2 0 0 43.725379 -79.487197
14 0 4 0 11 0 0 43.702340 -79.503474
15 0 1 0 11 0 0 43.759193 -79.490010
15 0 2 0 5 0 0 43.760740 -79.500027
15 0 0 0 1 1 0 43.770867 -79.498130
13 0 3 0 8 0 0 43.747515 -79.513257
15 0 2 0 9 0 0 43.755317 -79.517047
15 0 4 0 12 0 0 43.750302 -79.515776
15 0 2 0 1 1 0 43.732628 -79.538199
14 0 1 0 6 0 0 43.748713 -79.541808
15 0 1 0 2 0 0 43.748454 -79.550404
27 0 14 0 25 0 0 43.646430 -79.361816
15 0 0 0 5 0 0 43.763770 -79.488092
11 0 4 0 4 0 0 43.727498 -79.327142
15 0 1 0 0 0 0 43.722112 -79.308648
11 0 5 0 6 1 0 43.721761 -79.235914
15 0 3 0 9 0 0 43.759292 -79.518374
43 0 4 22 1 11 0 43.636829 -79.408842
15 0 1 1 1 0 0 43.662796 -79.519598
19 0 2 1 2 1 0 43.660324 -79.511544
23 0 1 0 3 0 0 43.710244 -79.395787
19 0 2 0 3 1 0 43.720932 -79.349894
19 0 6 0 7 0 0 43.707556 -79.342720
15 0 1 0 2 2 0 43.702417 -79.361759
15 0 1 0 3 1 0 43.671155 -79.467016
15 0 0 0 1 0 0 43.691050 -79.432817
15 0 5 0 12 0 0 43.707225 -79.345324
16 0 6 0 10 0 0 43.657482 -79.389214
23 0 5 2 4 0 0 43.660181 -79.390833
11 0 3 0 4 1 0 43.656039 -79.389704
11 0 0 0 2 0 0 43.649279 -79.503130
15 0 0 0 2 0 0 43.675532 -79.471997
15 0 1 0 1 1 0 43.670042 -79.478942
11 0 2 0 6 0 0 43.663351 -79.413128
14 0 10 0 10 0 0 43.650298 -79.366485
41 0 1 18 3 6 0 43.664948 -79.409470
23 0 8 0 10 0 0 43.705035 -79.335473
15 0 2 1 10 0 0 43.714306 -79.360890
19 0 8 1 7 0 0 43.647969 -79.383170
19 0 9 0 9 0 0 43.640397 -79.423742
35 0 9 2 11 0 0 43.662453 -79.397838
27 0 8 0 1 0 0 43.647043 -79.383141
15 0 0 0 0 1 0 43.682337 -79.468059
19 0 8 0 3 0 0 43.648368 -79.385351
39 0 9 1 7 1 0 43.647818 -79.384280
15 0 2 0 4 1 0 43.727622 -79.552549
18 0 2 0 1 3 0 43.721533 -79.545583
15 0 1 0 1 1 0 43.729578 -79.546998
15 0 1 0 4 0 0 43.744453 -79.568250
23 0 0 8 1 8 0 43.677290 -79.357410
19 0 1 0 4 1 0 43.697417 -79.500798
12 0 2 0 0 0 0 43.648131 -79.388581
23 0 11 0 17 0 0 43.642813 -79.407514
24 0 4 0 5 0 0 43.709793 -79.363892
24 0 9 0 17 0 0 43.639065 -79.410810
47 0 6 0 2 0 0 43.651053 -79.387649
12 0 5 0 6 0 0 43.649354 -79.396757
15 0 10 0 11 0 0 43.639523 -79.433960
16 0 0 0 0 1 0 43.673392 -79.477984
12 0 8 0 4 0 0 43.661602 -79.338946
23 0 6 1 5 0 0 43.657091 -79.385937
11 0 0 2 3 0 0 43.759211 -79.409604
15 0 2 0 6 1 0 43.676185 -79.389625
15 0 4 0 2 0 0 43.650116 -79.379531
19 0 11 0 7 0 0 43.650380 -79.378728
15 0 7 0 2 0 0 43.642902 -79.399370
17 0 7 0 11 1 0 43.634673 -79.408973
32 0 3 0 9 0 0 43.706073 -79.393562
15 0 11 0 14 0 0 43.639547 -79.420022
15 0 3 0 6 0 0 43.705121 -79.389027
23 0 7 0 10 0 0 43.652316 -79.390912
23 0 5 0 13 0 0 43.659954 -79.417874
19 0 12 0 11 0 0 43.642355 -79.395198
15 0 9 0 7 0 0 43.646667 -79.402996
11 0 6 0 8 0 0 43.645729 -79.409907
23 0 12 0 18 0 0 43.637819 -79.400132
19 0 11 0 6 0 0 43.659071 -79.352401
23 0 17 0 19 0 0 43.646549 -79.415589
19 0 4 0 2 0 0 43.637588 -79.403142
19 0 9 1 11 0 0 43.649192 -79.383632
14 0 4 0 6 0 0 43.655057 -79.376510
23 0 12 0 18 0 0 43.653783 -79.363360
22 0 2 0 4 0 0 43.666205 -79.379012
11 0 0 0 1 0 0 43.761741 -79.244740
39 0 3 2 1 2 0 43.754049 -79.255317
19 0 7 0 3 0 0 43.730036 -79.292004
14 0 1 0 2 0 0 43.765073 -79.238354
19 0 2 0 7 0 0 43.771219 -79.229565
15 0 2 0 4 1 0 43.776829 -79.230500
15 0 1 0 5 0 0 43.773273 -79.219715
11 0 1 0 2 0 0 43.744208 -79.215646
15 0 3 0 1 0 0 43.741906 -79.271819
19 0 3 0 1 0 0 43.736953 -79.247984
15 0 1 1 2 0 0 43.673489 -79.413395
15 0 4 1 1 1 0 43.727291 -79.252379
19 0 3 0 2 0 0 43.740339 -79.239353
19 0 0 0 2 0 0 43.789069 -79.393151
19 0 2 0 7 0 0 43.783873 -79.407868
15 0 0 0 0 0 0 43.782253 -79.423671
11 0 4 0 3 0 0 43.742037 -79.224887
19 0 4 0 14 0 0 43.734582 -79.354854
19 0 1 0 1 0 0 43.776857 -79.415116
19 0 0 0 7 0 0 43.769395 -79.412665
18 0 2 0 9 0 0 43.761286 -79.410716
15 0 2 0 5 0 0 43.770379 -79.367027
23 0 1 0 9 1 0 43.767266 -79.412635
19 0 2 0 14 0 0 43.744758 -79.353481
15 0 9 1 11 0 0 43.661966 -79.498511
15 0 1 0 4 0 0 43.761671 -79.352583
19 0 2 0 4 0 0 43.770602 -79.459976
14 0 2 0 3 1 0 43.754922 -79.351748
23 0 17 0 7 0 0 43.636756 -79.399205
15 0 2 0 1 0 0 43.768162 -79.383121
19 0 5 0 9 0 0 43.771148 -79.363812
15 0 1 0 9 0 0 43.773515 -79.353062
19 0 4 0 1 0 0 43.792363 -79.358363
15 0 2 0 3 1 0 43.778886 -79.348372
15 0 2 0 2 0 0 43.785346 -79.353629
15 0 4 0 3 0 0 43.738784 -79.217465
11 0 0 0 0 0 0 43.708767 -79.534452
15 0 2 0 4 0 0 43.671052 -79.409048
23 0 11 0 10 2 0 43.623708 -79.490054
11 0 2 0 7 1 0 43.724861 -79.303513
15 0 0 1 1 1 0 43.697050 -79.443760
22 0 2 11 1 9 0 43.717047 -79.254610
38 0 0 25 1 14 0 43.646187 -79.517625
19 0 1 1 1 0 0 43.698671 -79.436807
15 0 0 1 1 0 0 43.715553 -79.446154
31 0 0 23 1 10 0 43.648837 -79.486753
16 0 8 0 2 0 0 43.645809 -79.380547
15 0 0 0 6 0 0 43.780468 -79.432804
11 0 5 0 8 0 0 43.642698 -79.404999
16 0 3 0 4 1 0 43.729920 -79.403727
38 0 0 27 0 13 0 43.695930 -79.451901
31 0 3 13 9 3 0 43.652320 -79.376849
19 0 2 11 0 6 0 43.643321 -79.351209
12 0 8 0 7 0 0 43.657926 -79.341435
23 0 9 0 3 0 0 43.644734 -79.391690
23 0 13 0 5 0 0 43.642499 -79.372858
15 0 3 0 0 0 0 43.725345 -79.297687
16 0 11 0 3 1 0 43.658977 -79.347153
12 0 2 0 1 0 0 43.652352 -79.398016
15 0 1 0 0 0 0 43.680567 -79.390830
9 0 4 0 6 0 0 43.646568 -79.407687
19 0 8 0 4 0 0 43.645142 -79.395104
19 0 1 0 6 0 0 43.772456 -79.451021
27 0 7 0 1 0 0 43.651606 -79.384047
12 0 5 0 4 0 0 43.695102 -79.289703
11 0 1 0 2 0 0 43.719409 -79.302261
11 0 2 0 1 0 0 43.655119 -79.420145
11 0 1 0 1 0 0 43.682012 -79.391307
11 0 0 0 1 0 0 43.661474 -79.426768
23 0 6 0 2 0 0 43.641032 -79.376704
35 0 25 0 34 0 0 43.622021 -79.378882
15 0 1 0 1 0 0 43.733595 -79.466515
15 0 5 0 6 0 0 43.644564 -79.457371
15 0 4 0 6 0 0 43.728860 -79.492030
19 0 4 0 8 0 0 43.723787 -79.494163
24 0 14 1 12 0 0 43.645609 -79.380386
47 0 18 0 14 0 0 43.619044 -79.390688
39 0 27 0 21 0 0 43.627829 -79.389622
25 0 17 0 25 0 0 43.629460 -79.356155
15 0 1 0 6 0 0 43.729522 -79.510143
19 0 3 0 11 0 0 43.728618 -79.478001
11 0 9 0 11 0 0 43.647624 -79.375525
19 0 0 0 2 0 0 43.739013 -79.512863
15 0 1 0 2 0 0 43.755176 -79.438122
11 0 2 0 7 0 0 43.788938 -79.374889
19 0 0 0 0 0 0 43.789782 -79.389886
23 0 4 0 9 0 0 43.794423 -79.369259
11 0 1 0 3 0 0 43.761158 -79.456000
19 0 1 0 2 0 0 43.779672 -79.342950
26 0 17 0 2 0 0 43.663162 -79.309765
15 0 1 0 3 0 0 43.738932 -79.281180
11 0 0 0 0 0 0 43.747151 -79.214502
15 0 1 0 1 0 0 43.749566 -79.265722
11 0 2 0 2 0 0 43.744989 -79.219444
11 0 2 0 5 0 0 43.765641 -79.199615
15 0 1 0 3 0 0 43.769079 -79.187114
13 0 0 0 0 1 0 43.675666 -79.453931
19 0 10 0 14 0 0 43.736801 -79.468788
12 0 1 0 0 1 0 43.666978 -79.375945
11 0 5 0 5 0 0 43.735548 -79.290519
17 0 1 0 3 0 0 43.762472 -79.194693
19 0 0 0 1 0 0 43.775183 -79.330443
11 0 3 0 3 0 0 43.764112 -79.398337
19 0 0 0 0 0 0 43.774706 -79.342753
19 0 0 0 0 0 0 43.769530 -79.343382
19 0 1 0 2 0 0 43.786116 -79.400391
11 0 1 0 1 0 0 43.731703 -79.271492
15 0 0 0 0 0 0 43.736599 -79.257845
11 0 0 0 1 0 0 43.742514 -79.261243
23 0 3 0 2 0 0 43.648375 -79.379983
11 0 0 0 0 0 0 43.737462 -79.269959
11 0 0 0 0 0 0 43.733104 -79.277028
11 0 1 2 4 1 0 43.752355 -79.262797
15 0 3 0 5 0 0 43.743072 -79.245318
15 0 11 0 15 0 0 43.642285 -79.429199
23 0 6 0 6 0 0 43.654920 -79.374961
31 0 14 0 14 0 0 43.618516 -79.373033
19 0 7 1 0 0 0 43.680494 -79.330446
19 0 0 0 8 0 0 43.772059 -79.442324
23 0 6 0 1 0 0 43.733459 -79.453388
35 0 9 0 4 0 0 43.613194 -79.387683
27 0 11 0 4 1 0 43.644480 -79.386988
15 0 0 0 0 0 0 43.803566 -79.286696
11 0 0 0 0 0 0 43.796850 -79.284342
