795 163 13677 4557 453 78 421 235 2141 409
0 38.895389 -77.074247
11 0 0 0 0 1 1 38.977093 -77.094589
19 0 2 0 0 0 1 38.942475 -77.032678
15 0 1 0 2 0 0 38.893438 -77.076389
15 0 6 0 6 0 0 39.000480 -77.000770
15 0 0 2 0 2 1 38.883132 -76.950009
19 0 5 1 5 0 1 38.964544 -77.075135
23 0 6 0 1 0 1 38.902571 -77.013667
15 1 9 0 11 0 0 39.006191 -76.891247
15 0 3 0 4 0 1 39.083673 -77.149162
12 0 8 0 5 0 0 38.846972 -77.303349
20 0 10 0 13 3 1 38.881185 -77.001828
15 0 5 0 0 0 0 38.895930 -77.089006
23 0 1 0 0 0 1 38.923203 -77.047637
12 0 7 0 7 0 1 38.876912 -77.195847
15 0 3 0 0 0 1 38.912719 -77.022155
15 0 7 0 12 0 1 38.809187 -77.116242
19 0 3 0 4 0 0 38.882788 -77.103148
19 0 2 0 0 0 1 38.915000 -77.007800
19 0 2 0 0 0 1 38.925700 -77.079119
15 0 2 1 2 0 1 38.985404 -77.023082
20 0 10 0 6 0 1 38.897195 -76.983575
19 0 3 0 1 0 1 38.903819 -77.028400
19 0 1 0 3 0 1 39.119765 -77.166093
9 0 2 0 2 0 1 39.094772 -77.145213
11 1 2 0 2 0 0 38.927018 -77.211094
15 0 6 0 6 0 0 38.875772 -76.868767
11 0 7 0 6 0 1 38.837280 -77.060899
15 0 5 1 7 2 1 38.986743 -77.000035
15 0 11 0 11 0 1 38.840654 -77.088659
35 1 10 1 5 0 0 38.897324 -77.022216
15 0 2 1 2 0 0 38.819090 -77.010330
11 0 7 0 10 0 1 38.869114 -77.271538
19 0 7 1 6 0 1 38.884916 -77.005965
19 1 10 0 12 0 0 38.924002 -77.208127
15 0 10 0 11 1 1 38.988101 -76.988422
12 0 1 1 0 0 1 38.984691 -77.094537
31 0 15 1 30 0 0 38.886978 -77.013769
15 1 8 0 12 0 0 38.895377 -77.097130
23 0 3 0 1 0 1 38.894841 -76.995916
17 0 4 0 4 1 1 38.895068 -77.073860
15 1 4 0 10 0 0 38.956556 -77.019814
15 0 0 0 1 0 1 38.994035 -77.030371
11 1 4 0 8 0 0 38.878000 -76.960700
11 0 3 0 3 0 1 38.873261 -77.272999
19 1 0 0 0 0 0 38.946182 -77.080590
15 0 3 0 5 2 1 38.841871 -77.082124
11 0 2 0 6 0 1 38.837306 -77.106111
12 0 1 0 2 0 1 38.966700 -77.348487
19 0 2 0 0 0 0 38.908568 -77.038542
12 0 1 0 2 0 1 38.952001 -77.384557
23 1 6 0 4 0 0 38.894972 -77.003135
19 0 4 0 0 0 1 38.893062 -76.982464
12 0 2 0 3 0 1 38.944013 -77.353552
55 0 21 2 21 0 1 38.896960 -77.004930
11 0 3 0 5 0 1 38.901385 -76.941877
15 0 3 1 5 1 1 38.959361 -76.946361
12 0 4 0 6 0 1 38.966848 -77.329282
19 0 13 0 10 0 0 38.895955 -76.967845
27 0 2 1 0 0 1 38.934405 -77.032687
27 0 2 2 0 0 1 38.928121 -77.023795
15 1 10 0 10 2 0 38.897218 -77.072143
15 0 8 0 6 1 1 38.967492 -77.007003
19 0 11 1 18 0 0 38.901755 -77.051084
12 0 1 0 0 0 1 38.958660 -77.361516
17 1 1 0 2 1 0 38.965742 -76.954803
19 0 4 1 1 0 1 38.965775 -77.068626
19 0 0 0 0 0 1 39.038424 -77.051020
33 1 7 0 4 0 0 38.890461 -76.988355
15 0 9 0 11 1 1 38.823730 -77.002230
23 0 11 0 18 0 1 38.899670 -77.003666
15 1 5 0 8 0 0 38.815842 -77.110014
11 0 1 0 0 0 1 38.960574 -77.356324
15 0 11 0 4 0 1 38.842320 -77.089555
13 0 3 1 2 2 1 38.934324 -76.938248
19 0 7 0 2 0 1 38.874821 -77.020788
19 0 4 1 1 0 1 38.907444 -76.986813
11 1 3 0 7 0 0 38.879256 -77.233583
15 0 9 0 14 0 1 38.893860 -77.070862
15 0 2 0 2 0 1 38.904252 -77.127776
16 0 5 0 7 1 1 38.904052 -77.046567
12 0 2 1 2 0 0 38.877818 -77.209421
16 0 2 0 3 0 1 38.805524 -77.078791
23 1 3 0 0 0 0 38.953691 -77.359717
19 0 2 1 1 1 0 38.961339 -77.027855
19 0 5 0 5 0 1 38.885321 -77.156427
27 0 12 1 18 1 1 38.892275 -77.013917
20 0 5 0 0 0 1 38.891900 -77.054517
15 0 0 0 0 0 1 38.923330 -77.035200
12 0 8 0 5 0 1 38.930510 -77.345874
15 0 6 0 2 0 1 38.805630 -77.052925
16 0 11 0 11 0 1 38.836838 -77.057274
15 0 2 0 0 0 1 38.982456 -77.091991
19 0 1 0 2 0 1 38.951419 -77.340281
12 1 6 0 7 0 0 38.879720 -77.178408
19 0 7 0 6 0 1 38.899703 -77.008911
19 0 1 0 2 0 1 38.920682 -76.995876
19 0 3 0 0 0 1 38.912652 -77.036278
12 0 5 0 8 0 0 38.963782 -77.349764
11 1 6 0 7 0 0 38.970046 -77.338686
19 0 1 0 12 0 1 39.041040 -76.987125
19 0 1 0 2 0 1 38.952300 -77.361466
19 0 10 0 9 0 1 38.902932 -76.998405
15 0 3 0 5 1 0 38.900358 -77.012108
17 1 2 0 3 0 0 38.968842 -76.954171
15 0 5 0 7 1 1 39.000310 -76.878005
19 0 7 0 7 1 1 38.862303 -77.059936
15 1 6 0 6 0 0 38.870824 -77.011915
19 0 6 0 5 0 0 38.900930 -77.018677
19 0 2 0 7 1 1 38.938889 -76.997226
19 1 2 4 1 10 0 38.912614 -77.074323
15 0 5 0 0 0 1 38.793065 -77.049436
27 0 8 0 6 0 0 38.911086 -77.045061
15 0 5 0 4 0 1 38.864838 -77.056873
11 0 8 0 8 0 1 38.959370 -77.331794
8 0 1 0 2 1 0 38.837846 -77.093478
11 1 3 0 0 0 0 38.878572 -77.230766
19 0 5 0 2 1 1 38.907316 -77.000698
19 0 13 0 13 0 0 38.899942 -76.994897
19 0 7 0 11 0 0 38.905090 -76.994100
31 0 5 0 0 0 0 38.916787 -77.028139
15 0 1 5 5 8 0 38.928743 -77.012457
24 1 13 0 20 1 0 38.894851 -77.023240
23 0 8 0 11 2 0 38.884323 -77.026010
8 0 1 0 0 0 0 38.867217 -77.072296
20 0 0 0 1 0 0 38.920669 -77.043680
15 0 8 0 13 0 0 38.843422 -77.064016
19 0 4 0 0 0 0 38.912644 -77.045640
25 0 9 1 4 1 0 38.888255 -77.049436
15 1 10 0 13 0 0 38.896544 -76.960120
19 0 7 0 6 2 0 38.883318 -76.925315
15 0 10 0 2 0 0 38.810741 -77.044633
19 1 7 0 5 0 0 38.900412 -77.001949
35 0 18 0 13 2 0 38.888774 -77.028694
12 0 2 0 2 1 0 38.883970 -77.107830
12 0 7 0 3 1 0 38.800703 -77.048043
12 0 3 0 3 1 0 38.880612 -77.171891
15 0 6 0 7 0 0 38.908391 -76.843263
15 0 2 0 12 0 0 38.929261 -77.240654
19 0 8 0 14 1 0 38.800077 -77.129943
15 0 1 0 1 0 0 38.932243 -76.996133
16 0 6 0 2 0 0 38.814577 -77.052808
19 0 3 0 5 0 0 38.766946 -77.168902
11 0 0 0 2 1 0 38.989724 -77.023854
19 1 6 0 8 0 0 38.891805 -76.913563
12 0 4 0 1 0 0 38.862398 -77.089133
15 0 2 0 1 0 0 38.959633 -77.358741
19 0 6 0 8 0 0 39.093783 -77.202501
15 1 7 0 11 0 0 38.969800 -76.949300
27 0 5 1 9 0 0 38.902000 -77.033530
23 1 11 1 17 2 0 38.887332 -77.026141
11 1 1 0 6 0 0 38.881436 -77.230377
19 0 3 0 1 0 0 38.923583 -77.050046
19 0 4 0 2 0 0 38.884058 -76.986385
15 0 7 1 7 3 0 38.917105 -77.095825
19 1 7 0 4 0 0 38.871841 -77.005910
15 1 10 0 13 0 0 38.955314 -77.368416
11 0 3 0 3 0 0 38.838630 -77.116206
19 0 10 0 17 0 0 38.903731 -77.067528
19 0 1 1 1 2 0 38.942146 -77.038684
11 0 7 0 9 0 0 38.804801 -77.044676
19 0 10 0 9 0 0 38.876747 -77.020945
12 1 4 1 2 0 0 38.775639 -77.160014
19 0 1 0 0 0 0 38.958267 -77.084636
17 1 11 0 14 0 0 38.962119 -76.935578
15 0 11 0 10 1 0 38.812351 -77.040691
12 0 9 0 10 1 0 38.850688 -77.051520
27 0 4 1 6 0 0 38.901104 -77.028061
21 0 7 0 7 0 0 39.095661 -77.159048
11 1 7 0 8 0 0 38.850337 -77.100989
19 0 10 0 13 0 0 38.880761 -77.005741
11 0 1 0 1 0 0 38.828471 -77.086061
15 0 2 0 1 0 0 38.899408 -77.015289
15 0 7 1 9 0 0 38.974205 -76.995227
19 0 9 0 12 2 0 38.890539 -77.049383
15 1 2 0 1 0 0 38.954812 -77.082426
19 0 7 1 17 0 0 38.894573 -77.019940
19 1 4 0 1 1 0 38.953663 -77.025613
23 0 7 0 14 0 0 38.915604 -76.983683
19 0 9 0 14 0 0 38.902674 -77.021392
15 0 8 0 5 0 0 38.955079 -77.351649
19 0 2 0 0 0 0 38.932457 -76.993534
19 0 2 1 1 0 0 38.976061 -77.026747
11 0 4 0 7 0 0 38.925572 -77.204762
12 0 1 0 2 0 0 38.943350 -77.362304
19 0 11 0 19 0 0 38.905303 -77.050264
11 0 0 1 0 0 0 38.983838 -77.092210
19 0 2 1 0 0 0 38.932128 -77.023500
23 0 13 0 8 3 0 38.888553 -77.032427
19 0 7 2 11 2 0 38.903741 -77.042452
15 0 9 0 5 0 0 38.941733 -76.980378
12 0 1 0 0 0 0 38.893237 -77.086063
12 1 8 0 7 2 0 38.845028 -77.051956
19 0 4 1 1 0 0 38.900468 -76.947287
17 1 3 0 1 0 0 38.898925 -77.048852
19 1 1 1 0 0 0 38.934784 -77.041362
16 0 0 0 0 0 0 38.890612 -77.084801
23 1 4 3 10 5 0 38.907837 -77.071660
11 0 1 0 0 0 0 38.990639 -77.100239
15 0 1 0 10 0 0 38.943837 -77.077078
12 0 10 0 5 0 0 38.927943 -77.220829
19 0 2 0 7 0 0 38.916501 -77.090911
15 0 0 0 0 0 0 38.897063 -76.947446
15 1 2 0 11 0 0 39.044887 -77.047788
19 0 3 0 0 1 0 38.936298 -77.087128
12 0 7 0 10 0 0 38.904415 -77.221807
15 1 10 0 0 1 0 38.844015 -77.050537
17 0 3 0 4 0 0 38.899811 -76.844604
19 0 3 0 5 0 0 38.882458 -76.980715
19 0 3 1 10 5 0 38.956740 -77.027910
15 0 0 0 0 6 0 38.930282 -77.055599
15 0 1 0 1 2 0 38.975505 -76.952199
19 0 4 2 8 3 0 38.901539 -77.046564
19 0 12 0 3 1 0 38.803124 -77.040363
11 1 1 0 2 0 0 38.882425 -77.112754
15 0 9 0 11 0 0 38.818748 -77.047783
19 0 3 0 2 0 0 38.916936 -77.029631
19 0 2 0 2 3 0 38.898301 -77.118009
19 0 8 0 14 1 0 38.905711 -77.047318
19 0 12 0 13 0 0 38.894474 -76.974828
16 0 1 0 0 0 0 38.886256 -77.084262
15 0 1 1 0 0 0 38.994113 -77.076986
15 0 3 0 4 0 0 38.880012 -77.107854
19 0 2 1 0 0 0 38.981103 -77.097426
19 0 2 1 2 0 0 38.906299 -76.983221
12 0 6 0 9 0 0 38.873808 -77.152849
19 0 11 0 13 0 0 38.884533 -77.065803
19 1 1 0 2 0 0 38.835737 -76.983144
19 0 1 0 0 0 0 38.938024 -77.032688
15 1 2 0 0 0 0 38.889396 -77.091862
15 0 1 0 0 0 0 38.936228 -77.027163
15 0 2 0 4 0 0 38.912560 -77.008775
19 1 1 0 0 0 0 38.926102 -77.036650
19 0 3 0 0 0 0 38.913046 -77.032008
12 0 4 1 9 1 0 38.978503 -77.353454
15 0 2 0 2 0 0 38.935842 -77.058468
27 0 7 2 7 4 0 38.905067 -77.041779
11 1 1 1 0 0 0 39.002459 -76.916243
31 0 14 1 2 0 0 38.884120 -77.046570
47 0 29 0 47 0 0 38.886277 -77.028242
31 0 11 0 17 1 0 38.897222 -77.019347
19 0 4 1 6 0 0 38.958098 -77.013821
11 1 8 0 6 0 0 38.970412 -77.340787
12 0 8 0 6 0 0 38.862804 -77.293922
15 0 3 0 8 0 0 38.886952 -76.996806
15 1 12 0 14 0 0 38.954600 -76.959500
15 1 11 0 7 0 0 38.804486 -77.132334
16 0 1 1 0 0 0 38.941800 -77.025100
19 0 8 0 15 1 0 38.898460 -77.053052
15 1 5 4 2 6 0 38.975739 -77.066409
12 0 3 0 3 0 0 38.802893 -77.072558
15 0 11 0 12 0 0 38.821563 -77.001095
15 0 2 0 5 1 0 38.888100 -77.093080
15 1 10 0 12 0 0 38.844040 -77.098093
19 0 2 1 0 1 0 38.951596 -77.012808
11 0 2 0 0 0 0 38.871822 -77.107906
15 0 9 0 12 0 0 38.905697 -77.005483
15 0 3 0 7 4 0 38.986639 -76.936073
17 0 11 0 9 0 0 38.876219 -77.004169
16 0 4 0 13 0 0 38.817019 -77.050105
11 1 2 0 5 0 0 38.894000 -76.947974
13 1 7 0 7 0 0 38.931911 -77.219261
11 1 2 0 1 0 0 38.889955 -77.000349
12 0 5 0 5 0 0 38.889926 -76.922783
15 1 1 0 2 0 0 38.924785 -77.022327
39 0 21 0 27 0 0 38.875023 -77.005754
27 0 5 1 21 3 0 38.900283 -77.029822
19 0 2 0 0 0 0 38.914174 -77.021595
8 0 1 0 3 0 0 38.862478 -77.086599
15 0 6 0 0 0 0 38.854019 -77.118106
15 0 11 0 8 0 0 39.032029 -77.047350
11 1 6 0 3 0 0 38.876903 -77.241518
15 0 4 0 2 0 0 39.110314 -77.182669
12 0 2 1 1 0 0 38.897692 -77.207261
19 0 0 0 1 1 0 39.084379 -77.146866
15 0 3 0 5 0 0 38.919077 -77.000648
15 0 2 0 1 0 0 38.908473 -76.933099
15 0 6 0 4 1 0 38.935388 -76.949287
16 0 10 0 14 0 0 38.820064 -77.057619
24 0 7 3 11 5 0 38.899680 -77.041539
12 1 8 0 12 0 0 38.847360 -77.095431
20 0 5 0 10 4 0 38.907045 -77.044975
23 0 11 1 12 1 0 38.898243 -77.026235
11 1 2 0 4 0 0 38.828887 -77.110588
19 0 4 0 6 0 0 39.081638 -76.945495
15 0 4 0 6 0 0 38.874248 -77.104784
15 0 12 0 11 0 0 38.945068 -76.978783
12 0 2 0 4 0 0 38.885434 -77.173605
15 1 6 0 15 0 0 38.939271 -76.955047
19 0 1 0 0 0 0 38.918103 -77.045469
31 0 20 0 13 0 0 38.900427 -76.988250
15 0 3 0 6 0 0 38.863833 -77.080319
12 0 7 0 11 1 0 38.865404 -76.990779
15 0 1 0 2 0 0 39.046143 -76.975723
15 0 1 0 2 0 0 39.043272 -77.053085
23 0 1 0 0 0 0 38.931900 -77.038800
19 1 4 0 1 1 0 38.933899 -77.086263
15 0 7 0 6 0 0 38.872964 -77.017585
15 0 7 1 10 2 0 38.930774 -76.972851
20 0 10 1 11 1 0 38.905126 -77.056887
15 0 7 0 12 0 0 38.853002 -77.059496
19 1 13 0 15 1 0 38.897500 -76.969509
24 0 2 0 0 0 0 38.921074 -77.031887
19 0 3 0 1 0 0 38.909801 -77.034427
15 1 11 0 12 0 0 38.865553 -77.050030
19 1 2 0 1 0 0 38.914751 -77.003560
15 0 8 0 14 1 0 38.886266 -77.022241
15 0 2 0 0 0 0 38.882915 -76.987907
32 0 12 1 16 3 0 38.900880 -77.048911
15 1 4 0 5 0 0 38.894941 -77.091690
23 0 11 0 0 1 0 38.879819 -77.037413
16 0 1 0 0 0 0 38.920925 -77.042071
19 0 2 0 0 0 0 38.922404 -76.996023
15 1 0 0 0 0 0 38.860440 -76.983585
23 0 0 0 0 0 0 38.884275 -76.994716
15 0 1 0 0 0 0 38.869200 -76.959900
19 0 1 0 2 1 0 38.961763 -77.085998
15 0 11 0 7 0 0 38.820058 -77.062821
19 0 4 0 7 0 0 38.920387 -77.025672
11 1 2 0 4 0 0 38.924437 -77.217664
15 0 3 0 0 0 0 38.917622 -77.015970
19 1 4 0 1 0 0 38.910674 -77.031880
19 1 11 0 9 0 0 38.863743 -77.013814
15 0 5 1 5 0 0 38.870353 -76.945283
19 0 4 0 14 0 0 38.947156 -77.065115
19 0 4 0 4 0 0 38.907287 -76.999167
15 0 11 0 11 0 0 38.825950 -77.058541
17 0 2 0 2 0 0 38.893993 -77.078570
19 1 5 1 13 0 0 38.912181 -77.066074
16 0 12 0 14 0 0 38.861056 -77.049417
11 0 2 0 4 0 0 38.933626 -77.057530
15 0 4 1 5 3 0 38.895344 -77.016106
15 0 7 0 7 0 0 38.782633 -77.016059
19 0 9 0 7 0 0 38.902444 -77.008246
12 0 7 0 6 0 0 38.949366 -77.350396
15 0 6 1 6 1 0 39.014716 -77.107143
23 0 9 1 20 1 0 38.898164 -77.031898
11 0 5 0 4 0 0 38.846230 -76.977030
15 0 4 0 10 0 0 38.887378 -77.001955
19 0 8 0 10 0 0 38.888524 -76.913188
19 0 15 0 6 0 0 39.031314 -77.004122
19 0 1 0 1 0 0 38.937849 -76.993509
15 0 2 1 1 2 0 38.894722 -77.045128
19 0 12 0 12 4 0 38.883450 -77.021741
12 0 8 0 7 1 0 38.837382 -77.309380
31 0 4 0 0 0 0 38.908600 -77.032300
12 0 9 0 5 0 0 38.865091 -77.271911
19 1 1 1 0 0 0 38.947962 -77.021550
28 0 10 1 12 0 0 38.897857 -77.026975
15 0 2 0 6 0 0 38.887150 -77.162120
11 0 1 0 2 0 0 38.884829 -77.127671
12 0 6 0 10 0 0 38.930767 -77.241436
15 0 11 0 8 0 0 38.889940 -76.825535
11 0 0 0 2 0 0 38.862150 -77.068121
15 0 7 0 11 1 0 38.805317 -77.049883
19 0 1 0 0 0 0 38.931991 -77.032956
23 0 5 0 6 1 0 38.902400 -77.026220
19 1 9 0 13 0 0 38.910993 -76.985854
12 0 2 0 0 0 0 38.883921 -77.116817
19 0 14 0 18 1 0 38.932930 -76.979517
19 0 2 0 0 0 0 38.936684 -77.024181
15 1 4 0 2 1 0 39.049000 -77.109330
19 0 2 2 4 2 0 38.961150 -77.088659
11 1 2 1 3 3 0 38.936419 -77.360996
15 0 2 0 6 0 0 38.977933 -77.006472
47 0 6 1 12 3 0 38.900711 -77.046449
19 0 9 0 7 0 0 38.909394 -77.048728
19 0 1 0 1 1 0 38.877415 -77.270731
19 0 2 0 2 0 0 39.085314 -76.940547
15 0 7 0 7 0 0 38.831211 -77.308069
15 0 2 0 0 0 0 38.887320 -76.983569
12 0 2 0 2 0 0 38.885621 -77.166917
11 0 7 0 6 0 0 38.955171 -77.363094
17 0 8 0 11 0 0 38.865029 -77.039511
15 1 8 0 6 1 0 38.812718 -77.044097
15 0 4 2 10 4 0 38.896300 -77.045000
23 1 1 0 0 0 0 38.925284 -77.032375
15 1 2 0 0 1 0 38.941139 -77.061977
12 0 7 0 0 1 0 38.848381 -77.075184
12 0 1 0 0 1 0 38.879477 -77.114563
12 0 3 0 5 0 0 38.834800 -77.307057
19 0 5 0 3 0 0 38.831516 -77.008133
12 1 2 0 8 0 0 38.887403 -77.176992
19 0 3 0 0 0 0 38.917200 -77.025900
19 0 1 0 0 0 0 38.905424 -77.034674
19 0 1 3 1 0 0 38.937135 -77.019125
15 1 3 0 5 0 0 38.876528 -77.127120
19 0 2 0 0 0 0 38.917761 -77.040620
15 0 8 0 6 1 0 38.903827 -77.053485
11 0 2 0 0 0 0 38.997445 -77.023894
15 0 8 0 14 0 0 38.833437 -77.047846
11 0 6 0 7 0 0 38.959082 -77.349026
15 0 13 0 14 0 0 38.982650 -76.988311
12 0 2 0 3 1 0 38.847129 -77.112550
23 1 0 0 0 0 0 38.924088 -77.040787
11 0 2 0 2 2 0 38.878601 -77.222808
47 0 30 1 44 3 0 38.893028 -77.026013
15 0 10 0 14 0 0 38.900413 -76.982872
21 0 3 0 0 0 0 38.887010 -77.095257
12 0 10 0 9 1 0 38.900371 -77.205428
15 0 1 0 0 0 0 38.892556 -77.082089
19 0 1 0 1 0 0 38.995256 -77.029124
15 0 6 0 11 2 0 38.807040 -77.059817
15 1 3 1 10 4 0 38.900300 -77.042900
23 0 8 1 19 1 0 38.899032 -77.033354
15 1 7 0 2 0 0 38.925200 -76.964896
19 0 7 2 14 1 0 38.852903 -77.045916
12 0 2 0 1 0 0 38.885801 -77.097745
15 0 1 0 1 0 0 38.876695 -77.112982
19 0 2 1 1 5 0 38.975219 -77.016855
16 0 12 0 12 0 0 38.812187 -77.109940
16 0 1 0 1 0 0 38.824793 -77.085066
23 0 6 0 0 0 0 38.913674 -77.027078
31 0 10 0 9 0 0 38.890496 -77.017246
11 1 5 0 3 0 0 38.868545 -77.282083
19 0 11 0 15 0 0 38.879262 -77.011016
15 0 2 0 1 0 0 38.813485 -77.049468
19 0 5 0 0 0 0 38.911268 -77.041829
19 0 1 0 0 0 0 38.930316 -77.083704
15 0 2 0 1 0 0 38.886048 -77.142317
11 0 3 1 4 3 0 38.895734 -77.043368
19 0 8 0 1 0 0 38.876211 -77.012443
11 1 5 1 3 5 0 38.865784 -76.978400
23 1 10 1 15 1 0 38.876823 -77.002161
17 0 11 0 16 0 0 38.853328 -77.049806
15 1 12 0 10 0 0 38.833077 -77.059821
15 0 12 0 13 0 0 38.872642 -77.230632
11 0 2 0 1 0 0 38.873755 -77.089233
19 1 2 1 4 0 0 38.878771 -76.970930
12 0 5 0 2 0 0 38.857866 -77.059490
15 1 2 0 2 0 0 38.891696 -77.084600
11 0 1 1 0 0 0 39.047323 -77.051097
23 1 8 1 3 0 0 38.870695 -76.982359
19 0 13 0 2 1 0 38.798133 -77.048700
11 1 1 0 0 0 0 38.960084 -77.353414
11 1 0 0 0 1 0 38.946735 -77.331008
21 0 12 0 14 0 0 38.862841 -77.054277
16 0 2 0 3 0 0 39.043170 -77.113500
11 0 3 0 8 0 0 38.928854 -77.225180
19 0 1 0 0 0 0 38.942025 -77.018221
31 0 8 1 25 5 0 38.899632 -77.031686
11 1 5 0 0 0 0 38.924030 -77.235955
15 0 6 0 4 0 0 39.062190 -77.129235
11 1 4 0 5 1 0 38.950009 -77.389696
11 0 6 0 8 0 0 38.898536 -76.931862
19 0 3 0 5 0 0 38.892220 -76.996020
16 0 6 0 7 0 0 38.863314 -77.063416
15 0 3 0 5 0 0 38.887914 -77.128015
15 1 4 0 5 0 0 38.961737 -76.995922
12 0 4 0 6 0 0 38.844249 -77.305336
23 0 11 2 16 4 0 38.892441 -77.048947
15 0 1 0 1 0 0 38.880992 -77.135271
19 0 4 0 5 1 0 38.885483 -76.977187
15 0 1 1 1 0 0 38.924144 -77.002098
19 0 11 0 16 1 0 38.896465 -77.033381
19 0 16 1 15 2 0 38.927294 -77.103662
24 0 4 0 9 1 0 38.901550 -77.045021
15 0 2 0 6 0 0 38.804378 -77.060866
24 0 15 0 19 0 0 38.874967 -77.002489
18 0 2 0 0 0 0 38.918199 -77.027171
15 0 3 0 6 0 0 38.882629 -77.109366
19 1 4 0 15 0 0 39.039102 -76.991824
19 1 6 1 12 5 0 38.903584 -77.044789
12 0 8 0 10 0 0 38.870561 -77.044095
15 0 2 0 10 0 0 38.879575 -76.926596
19 0 2 1 0 0 0 38.964992 -77.103381
15 0 1 0 0 0 0 38.897612 -77.080851
19 1 7 1 0 2 0 38.935839 -77.106913
23 0 8 1 4 1 0 38.955016 -77.069956
48 1 33 2 43 1 0 38.886372 -77.017701
12 0 8 0 10 0 0 38.768430 -77.156504
23 1 2 0 0 0 0 38.915544 -77.038252
12 0 4 0 5 0 0 38.880810 -77.090792
15 0 6 0 7 3 0 38.797557 -77.053766
19 0 4 0 7 0 0 38.846270 -76.981850
31 0 2 1 1 1 0 38.928552 -77.032224
35 0 9 3 15 8 0 38.898301 -77.039643
15 0 10 0 5 0 0 39.048730 -77.125700
15 0 11 0 5 0 0 38.841291 -77.063093
32 0 10 1 22 0 0 38.884181 -76.995358
20 0 12 1 16 3 0 38.892244 -77.033234
12 1 5 0 6 3 0 38.869418 -77.095596
15 0 5 0 13 0 0 38.890863 -77.074893
11 0 1 0 1 1 0 38.934600 -76.995500
19 0 4 0 3 0 0 39.044944 -76.981155
19 0 2 0 9 2 0 38.882800 -77.228300
12 0 2 0 4 0 0 38.883601 -77.173438
15 0 2 0 1 0 0 38.915417 -77.012289
15 0 4 0 4 0 0 38.885100 -77.002300
23 0 10 0 5 0 0 38.897274 -76.994749
11 1 1 0 0 0 0 38.978103 -76.928879
15 0 4 0 4 0 0 38.811361 -77.109975
19 0 1 1 2 2 0 38.999378 -77.097882
19 0 1 2 1 2 0 38.952369 -77.002721
15 0 0 0 0 0 0 38.872976 -76.935246
12 1 3 0 4 0 0 38.849411 -77.304435
19 0 5 0 1 0 0 38.912648 -77.041834
12 0 4 0 7 0 0 38.860344 -77.093672
15 0 3 0 0 0 0 38.912600 -77.013500
15 0 3 0 6 0 0 38.878870 -77.120700
23 0 4 0 1 0 0 38.905996 -77.039802
12 0 1 0 8 0 0 38.878085 -77.153953
19 0 8 0 10 1 0 38.836646 -76.993589
11 0 1 0 0 0 0 38.989540 -77.098029
19 1 3 0 0 0 0 38.911214 -77.002257
25 0 0 1 0 6 0 38.949813 -77.080217
12 0 3 0 2 0 0 38.857049 -77.116339
19 0 5 0 0 5 0 38.995681 -77.038721
15 0 1 1 3 0 0 38.921641 -76.955687
35 1 8 0 10 0 0 38.908905 -77.044780
19 0 7 0 12 1 0 38.857785 -77.051698
11 1 2 0 5 1 0 38.964208 -77.354280
12 0 5 0 8 0 0 38.936061 -77.337775
39 0 4 1 0 0 0 38.929464 -77.027822
27 1 14 0 24 2 0 38.894280 -77.023979
33 0 3 0 0 0 0 38.905900 -77.032500
15 1 0 0 1 0 0 38.990874 -77.016311
12 0 8 0 5 0 0 38.844400 -77.085931
18 0 1 0 1 0 0 39.114688 -77.171487
12 0 2 0 1 0 0 38.890400 -77.088900
12 0 7 0 9 0 0 38.848454 -77.084918
17 0 6 3 7 4 0 38.955349 -76.968084
19 0 2 0 5 0 0 39.121327 -77.164969
12 0 9 0 8 0 0 38.866659 -77.282077
11 0 0 0 2 0 0 38.843230 -76.999376
15 0 7 0 5 0 0 38.866277 -77.010551
15 0 2 0 3 0 0 38.796800 -77.002600
15 0 1 1 0 0 0 38.927497 -76.997194
19 0 1 0 0 0 0 38.926800 -77.032200
10 0 3 0 3 0 0 39.010335 -76.897747
19 0 1 0 0 0 0 38.861663 -76.969184
19 0 6 3 7 6 0 38.896104 -77.049882
15 1 10 0 13 2 0 38.854381 -77.053412
19 0 1 1 2 0 0 38.912630 -76.971923
19 0 10 0 12 0 0 38.869337 -76.978519
12 0 7 0 11 0 0 38.827501 -77.304157
15 0 5 1 8 4 0 38.898097 -77.023924
11 0 2 0 2 0 0 38.962524 -77.361902
15 0 2 0 0 0 0 39.035965 -77.048395
31 0 5 0 0 0 0 38.917764 -77.032096
15 0 4 0 5 0 0 38.809709 -77.135788
19 0 0 0 0 0 0 38.922849 -77.042525
15 0 2 1 0 0 0 38.916442 -77.068200
14 1 1 0 0 0 0 39.062041 -77.120776
12 0 3 0 1 0 0 38.876393 -77.107735
11 0 4 0 10 1 0 38.919475 -77.221179
12 0 4 1 10 0 0 38.866361 -77.199788
19 0 2 0 3 0 0 38.802677 -77.063562
15 0 4 0 8 2 0 38.889600 -76.976900
15 0 6 3 13 0 0 38.896114 -77.046615
15 0 4 0 9 0 0 38.884734 -77.093485
12 1 5 0 4 0 0 38.888370 -77.179832
12 0 2 0 2 0 0 38.884961 -77.087770
23 0 13 0 14 0 0 38.878854 -77.005727
15 1 3 0 3 0 0 38.948307 -76.991829
11 0 5 0 10 0 0 38.879200 -76.995300
33 0 9 1 1 1 0 38.897108 -77.011616
15 0 11 0 9 1 0 38.946393 -76.946020
15 0 6 0 4 0 0 38.814031 -77.042817
19 0 8 1 8 0 0 38.876227 -76.940981
39 0 24 0 32 0 0 38.876893 -77.006072
19 0 4 1 2 3 0 38.853124 -77.005174
11 0 0 0 0 0 0 38.979875 -77.093522
15 0 3 0 0 0 0 38.912659 -77.017669
15 1 4 0 3 0 0 38.884703 -77.100302
23 0 2 0 1 0 0 38.918809 -77.041571
15 0 1 0 0 0 0 38.987000 -77.029417
15 0 3 1 1 2 0 38.888282 -77.111066
23 0 5 0 16 0 0 38.881044 -77.111768
19 0 2 0 3 1 0 38.922489 -76.992670
24 0 7 1 18 3 0 38.905496 -77.044976
19 0 0 1 1 0 0 38.918155 -77.004746
19 0 4 0 1 0 0 38.907333 -77.015360
17 0 4 0 3 0 0 38.957037 -77.359718
15 0 6 0 1 0 0 38.812711 -77.061715
12 0 7 0 1 0 0 38.933923 -77.331653
17 0 10 2 14 0 0 38.972500 -76.980700
15 0 1 0 1 0 0 38.924325 -77.232091
15 0 4 0 1 0 0 38.916137 -77.022003
19 0 12 0 11 0 0 38.841548 -77.107734
39 0 11 3 8 6 0 38.898326 -77.027959
19 0 4 0 1 0 0 39.037981 -76.994539
19 0 7 0 8 0 0 38.894600 -77.072305
19 0 2 0 0 0 0 38.912100 -77.038700
11 0 10 0 11 0 0 38.868536 -77.225262
15 0 2 0 7 1 0 38.869442 -77.104503
19 1 7 0 15 0 0 38.889920 -77.071301
15 0 11 0 10 0 0 38.856319 -77.111530
23 0 7 1 11 2 0 38.813474 -77.053734
15 0 10 0 11 1 0 38.859306 -77.102019
11 0 2 0 1 0 0 39.125828 -77.167059
16 1 2 0 0 0 0 38.896923 -77.086502
16 0 5 0 0 0 0 38.859254 -77.063275
19 0 11 0 10 0 0 38.899984 -76.992725
19 0 2 2 1 6 0 38.957212 -77.032707
15 0 1 0 0 0 0 38.890540 -77.080950
15 0 0 0 1 0 0 38.920939 -77.222115
19 0 4 0 0 0 0 38.892875 -76.998413
11 1 1 0 2 0 0 38.865590 -76.952103
19 0 8 0 6 0 0 38.881117 -77.017699
12 0 4 0 5 0 0 38.850932 -77.302732
19 0 16 0 17 0 0 38.983627 -77.006311
19 1 2 0 3 0 0 38.885908 -76.991476
25 0 9 3 12 9 0 38.901136 -77.034451
11 0 0 0 0 1 0 38.933668 -76.991016
15 1 5 1 8 0 0 39.025387 -77.044563
19 0 5 1 0 1 0 38.824481 -77.005497
15 0 7 1 14 0 0 38.895914 -77.026064
15 0 2 0 3 5 0 39.043130 -77.050060
23 1 4 0 3 0 0 38.906622 -77.023885
27 0 7 0 0 0 0 38.896226 -76.992786
12 0 5 0 6 0 0 38.966344 -77.359341
23 0 5 0 2 0 0 38.907908 -76.997070
12 0 2 0 5 1 0 38.873219 -77.082104
19 1 1 0 1 0 0 39.045652 -76.985438
23 0 3 0 0 0 0 38.908431 -77.027088
15 0 2 0 5 3 0 38.943596 -76.990157
19 0 1 0 1 0 0 38.925642 -77.027131
12 0 3 0 2 0 0 38.866471 -77.076131
15 0 6 1 3 5 0 38.936213 -76.960054
19 1 2 0 4 4 0 38.923613 -77.009814
23 0 4 2 9 2 0 38.901633 -77.043386
19 0 11 1 14 0 0 38.905509 -77.065246
15 0 10 0 9 0 0 38.846222 -77.069275
15 1 3 0 0 0 0 38.915400 -77.044600
19 0 9 1 9 1 0 38.908490 -77.063586
23 1 14 0 19 0 0 38.905691 -77.003201
15 1 11 0 10 1 0 38.897407 -76.925907
15 0 1 0 1 0 0 38.827674 -77.088985
15 0 1 0 2 0 0 39.049765 -77.113680
27 0 7 0 10 0 0 38.903967 -77.034602
15 1 5 2 3 4 0 38.894112 -77.044334
21 0 13 1 20 1 0 38.896087 -77.071452
11 1 2 0 5 0 0 38.820152 -77.093879
12 0 1 0 0 0 0 38.918988 -77.212460
12 0 7 0 3 0 0 38.910016 -77.226266
19 0 3 0 2 0 0 38.917716 -77.022684
19 0 2 1 8 0 0 38.969489 -77.033509
19 0 8 0 13 0 0 38.897293 -77.055570
35 1 9 1 2 0 0 38.894832 -76.987633
23 0 3 0 0 0 0 38.910660 -77.004615
19 0 1 0 0 0 0 38.928893 -77.036250
21 0 10 0 10 1 0 38.878694 -77.023054
17 0 10 1 5 0 0 38.878433 -77.030230
21 0 3 0 9 0 0 38.923389 -77.051833
15 0 1 1 0 0 0 38.947607 -77.079382
33 0 12 1 3 5 0 38.899700 -77.023086
15 0 3 1 9 0 0 38.967505 -77.027976
15 1 0 0 1 0 0 38.802738 -77.082463
12 1 3 0 6 0 0 38.808161 -77.100796
8 1 2 0 5 0 0 38.863531 -77.077210
12 0 8 0 7 0 0 38.766844 -77.150359
15 0 5 1 7 0 0 38.896604 -77.039778
19 0 9 1 13 4 0 38.890461 -76.961280
17 0 11 0 8 0 0 38.856645 -77.109609
19 1 2 0 0 0 0 38.919018 -77.034449
23 1 13 0 13 0 0 38.902760 -77.038630
11 0 1 0 1 0 0 39.124921 -77.164467
23 0 3 0 0 0 0 38.905578 -77.027313
11 0 0 1 0 0 0 38.988562 -77.096539
11 0 0 1 0 2 0 38.947774 -77.032818
9 0 1 0 1 0 0 38.880705 -77.085960
12 0 3 2 4 1 0 38.868356 -76.970997
15 0 1 0 0 0 0 38.840107 -76.975300
19 1 6 0 2 0 0 38.903819 -77.011987
15 0 10 0 4 0 0 38.804718 -77.043363
11 1 8 0 11 0 0 38.873057 -76.971015
19 0 9 1 15 1 0 38.876751 -77.000736
15 0 3 0 2 0 0 38.864694 -77.082491
17 1 3 0 8 0 0 38.969581 -76.937349
19 1 10 0 15 0 0 38.829545 -77.047844
15 0 4 0 4 0 0 38.921986 -76.960696
11 0 1 0 0 0 0 38.889908 -76.983326
19 0 10 1 4 6 0 38.893511 -77.041544
19 0 0 1 3 0 0 38.889935 -76.937230
12 1 4 0 1 0 0 38.841099 -77.307180
15 0 3 0 7 0 0 38.924312 -76.985957
15 0 1 1 3 5 0 38.927095 -76.978924
19 0 10 0 12 0 0 38.843770 -76.975570
15 0 10 0 15 0 0 38.814305 -77.118930
11 1 1 0 5 0 0 38.923083 -77.227417
11 1 1 0 3 0 0 38.927550 -77.226644
11 0 4 1 4 0 0 38.821750 -77.047494
23 0 13 0 10 0 0 38.899972 -76.998347
15 1 3 0 2 4 0 38.921233 -77.018135
19 0 12 0 14 0 0 38.862674 -76.994402
15 0 1 1 1 2 0 38.938736 -77.087171
23 1 2 0 4 1 0 38.805763 -77.060627
15 0 8 0 8 0 0 38.957463 -77.002239
35 1 22 0 12 0 0 38.892212 -77.043074
15 0 10 0 15 0 0 38.870093 -77.229970
15 0 2 0 5 0 0 38.818509 -77.105564
11 0 1 0 0 0 0 38.949008 -77.355299
12 1 7 0 10 1 0 38.848466 -77.051514
11 0 5 0 8 0 0 38.907073 -77.002109
15 1 10 0 10 1 0 38.799267 -77.044700
15 1 3 0 0 0 0 38.927872 -77.043358
15 0 2 1 0 0 0 38.992375 -77.100104
39 0 9 2 17 6 0 38.902061 -77.038322
16 0 1 0 0 0 0 38.898984 -77.078317
15 0 3 1 3 0 0 38.928644 -76.990955
17 0 4 1 0 3 0 38.909701 -77.085646
19 0 2 0 0 0 0 38.882489 -76.990121
23 0 6 3 12 5 0 38.898412 -77.043182
17 1 11 0 5 0 0 38.896553 -77.067140
15 0 2 0 3 1 0 38.798749 -77.001030
12 0 9 0 7 1 0 38.883843 -76.957511
12 0 9 0 9 0 0 38.926973 -77.217376
15 1 1 1 0 0 0 38.975000 -77.011210
12 0 10 0 9 0 0 38.864760 -77.271483
15 0 11 0 14 0 0 38.809607 -77.128908
15 0 5 0 10 1 0 38.785900 -77.016700
19 1 2 0 8 0 0 38.906767 -77.038627
12 0 4 0 9 1 0 38.896456 -77.104562
19 0 12 0 18 0 0 38.832431 -77.049772
23 1 8 0 3 0 0 38.869683 -77.010815
27 0 5 0 5 0 0 38.905737 -77.022270
11 0 8 0 4 1 0 38.867373 -76.988039
23 1 10 0 10 0 0 38.902734 -77.019181
15 0 12 0 9 0 0 38.955480 -76.940133
19 0 3 0 1 0 0 38.873308 -76.983363
19 0 9 3 16 0 0 38.902268 -77.059117
15 1 7 0 10 0 0 38.859751 -77.053235
15 0 8 0 5 0 0 38.866611 -76.985238
12 0 8 0 10 0 0 38.931089 -77.220729
11 0 9 0 9 0 0 38.801947 -77.040293
15 0 8 1 12 1 0 38.906600 -77.051520
15 1 3 0 1 0 0 38.999679 -77.051168
12 0 6 0 3 2 0 38.938797 -77.354067
15 0 3 0 3 0 0 38.908643 -77.012365
23 0 8 0 6 0 0 39.077875 -76.941867
19 1 7 0 15 0 0 38.901935 -76.978627
15 1 0 1 1 0 0 38.997653 -77.034499
17 0 7 0 9 0 0 38.902386 -77.005649
22 0 13 0 10 0 0 38.876941 -77.017807
11 1 0 0 1 0 0 38.887659 -77.075920
15 0 2 0 4 0 0 38.801111 -77.068952
11 0 2 0 0 0 0 38.889988 -76.995193
15 0 2 1 0 0 0 38.922581 -77.070334
19 0 1 0 0 0 0 38.931322 -77.028247
19 0 5 0 1 0 0 38.968935 -77.016263
41 0 23 3 37 2 0 38.894514 -77.031617
15 0 2 0 10 1 0 38.941808 -77.076430
8 0 5 0 5 0 0 38.852248 -77.105022
17 0 10 0 12 0 0 38.856425 -77.049232
23 0 16 0 2 0 0 38.884120 -77.017445
15 1 1 0 4 2 0 38.844711 -76.987823
19 0 14 0 11 0 0 38.822738 -77.049265
15 0 1 0 2 0 0 38.997033 -77.025608
19 1 13 0 11 0 0 38.897808 -76.979634
15 1 2 0 2 1 0 38.920687 -77.233165
23 0 2 0 1 1 0 38.939674 -77.075277
19 0 0 1 0 0 0 38.922649 -77.077271
11 0 7 0 2 0 0 38.842600 -77.050200
23 0 4 0 0 0 0 38.908735 -77.029779
19 0 4 0 3 0 0 38.855004 -76.984512
16 0 6 0 4 0 0 38.806002 -77.055911
15 0 1 0 1 0 0 39.062900 -77.113454
13 0 1 0 2 0 0 39.085394 -77.145803
15 0 7 1 14 1 0 38.876737 -76.994468
17 0 7 0 11 0 0 38.811456 -77.050276
19 0 3 0 0 0 0 38.908640 -77.022770
12 0 1 0 0 0 0 38.892164 -77.079375
15 1 2 0 3 0 0 38.944551 -77.063896
19 0 1 0 0 0 0 38.934881 -77.072755
15 1 6 0 6 0 0 39.123513 -77.157410
25 0 1 0 0 0 0 39.047530 -77.112870
19 1 2 0 0 1 0 38.922143 -77.027122
35 0 3 1 0 0 0 38.930800 -77.031500
12 0 1 0 4 0 0 38.916703 -77.214448
19 0 5 2 6 7 0 38.898302 -77.046913
19 1 3 0 7 0 0 38.857369 -76.977688
19 0 1 1 2 0 0 38.999634 -77.109647
12 1 7 0 5 2 0 38.941496 -77.366499
15 0 5 0 5 0 0 39.076331 -77.141378
16 0 12 0 10 0 0 38.820932 -77.053096
15 0 7 0 7 0 0 38.902594 -76.995141
19 0 0 0 2 0 0 38.946608 -77.339391
19 0 1 0 0 0 0 38.931349 -77.077214
19 0 3 0 0 0 0 38.909858 -77.038566
15 0 2 0 1 0 0 38.978008 -76.939269
15 0 7 0 8 1 0 38.880440 -77.025236
15 0 5 0 11 0 0 38.903732 -76.987211
19 0 11 1 18 1 0 38.902826 -77.060173
23 0 4 0 2 1 0 38.897446 -77.009888
19 0 3 0 3 0 0 38.903658 -77.031737
19 0 4 1 6 2 0 38.949662 -77.027333
39 0 4 0 3 3 0 38.902677 -77.035866
12 0 4 0 5 0 0 38.890155 -77.183178
15 0 3 0 4 0 0 39.051022 -77.115438
19 0 1 0 3 0 0 38.900100 -77.188700
35 1 21 1 20 1 0 38.902801 -77.062819
15 1 2 1 2 3 0 38.990249 -77.029350
15 0 3 0 0 0 0 38.880015 -76.986500
19 0 4 0 4 0 0 38.836000 -77.000900
